DATA/stromboliDEM.asc
ncols        460
nrows        438
xllcorner    505700.000000000000
yllcorner    4285580.000000000000
cellsize     50.000000000000
NODATA_value  -9999
[rows 338 to 363 of 438, columns 290 to 347 of 460]
-696.6209 -713.2043 -722.5787 -737.9330 -750.1502 -768.7836 -773.6834 -786.9307 -797.4130 -812.3698 -824.7165 -840.8029 -849.4611 -864.0347 -877.0979 -885.1008 -892.4568 -901.3482 -907.6904 -916.4676 -925.5328 -934.7589 -946.8806 -956.6770 -962.5170 -979.1332 -994.0735 -1006.7570 -1014.5077 -1029.4349 -1036.1657 -1050.6581 -1060.9748 -1072.6394 -1080.1568 -1089.4062 -1092.2184 -1099.2446 -1107.8614 -1116.6309 -1122.5139 -1129.8908 -1132.1599 -1140.1877 -1149.3402 -1159.6927 -1164.7055 -1175.5716 -1180.7483 -1189.9673 -1197.0368 -1208.9262 -1214.3536 -1219.0058 -1220.2364 -1223.8573 -1227.7589 -1233.9702
-704.9765 -720.8998 -733.3142 -748.3367 -757.6745 -774.1371 -782.2574 -793.4641 -805.5989 -821.0290 -831.5007 -847.5192 -855.0356 -869.9466 -882.3841 -896.9961 -905.6220 -914.7266 -918.7045 -929.2175 -938.5148 -946.4060 -950.9692 -966.9124 -974.6839 -986.2158 -999.0198 -1015.8530 -1024.1167 -1038.0088 -1043.8388 -1055.0951 -1066.0921 -1079.0579 -1086.5197 -1096.0668 -1101.1405 -1108.3696 -1114.6266 -1125.2346 -1131.0082 -1137.4003 -1141.6592 -1146.6549 -1153.3851 -1165.6009 -1173.2509 -1180.2350 -1185.2491 -1196.2297 -1203.1467 -1213.9983 -1221.8845 -1229.2432 -1230.6635 -1231.4376 -1237.1895 -1240.0629
-719.4035 -734.0415 -743.8920 -757.5459 -769.4045 -785.0364 -791.5256 -807.2758 -816.8873 -830.5564 -842.5946 -857.2188 -865.5129 -878.9637 -889.7037 -903.2813 -914.9557 -928.0795 -933.8113 -945.2078 -952.7380 -957.8732 -965.6315 -977.7397 -985.7124 -1001.0234 -1008.7477 -1022.8362 -1035.5770 -1046.5021 -1052.1790 -1066.3518 -1074.0040 -1086.1913 -1094.9295 -1104.8110 -1109.3876 -1118.8394 -1126.2621 -1133.9152 -1141.6261 -1148.7472 -1152.8024 -1158.7163 -1162.1198 -1171.8962 -1181.2017 -1190.7483 -1194.3949 -1202.1005 -1211.0830 -1220.4685 -1227.1308 -1235.0841 -1240.8491 -1246.6500 -1248.6246 -1250.0459
-729.9225 -745.2074 -754.6423 -768.8507 -777.8298 -793.2706 -801.9257 -815.7582 -825.8663 -838.9783 -848.7314 -863.6962 -872.2621 -886.7969 -898.9027 -915.0844 -923.0281 -934.9057 -941.4965 -953.7322 -960.4993 -969.0173 -980.8301 -994.4324 -1001.3869 -1010.5148 -1016.8958 -1030.6956 -1042.2836 -1057.6848 -1060.9808 -1071.3521 -1081.6524 -1092.1243 -1101.0970 -1111.7023 -1115.5488 -1124.5158 -1132.8250 -1141.8638 -1147.8405 -1157.6288 -1160.2415 -1167.4415 -1171.7681 -1177.4655 -1184.9660 -1196.2490 -1200.7502 -1208.6719 -1216.0899 -1226.2633 -1233.1457 -1241.7857 -1246.4788 -1254.1969 -1257.7014 -1259.5848
-745.4316 -758.3928 -769.3790 -779.3976 -791.6166 -805.4545 -812.3313 -828.1782 -838.0166 -850.7447 -860.4135 -874.3585 -879.9437 -894.5502 -906.4507 -922.1450 -932.1449 -945.7979 -951.4148 -963.0540 -971.4533 -981.8208 -991.0800 -1008.2892 -1014.5316 -1023.8974 -1031.1383 -1040.5065 -1051.5478 -1064.8093 -1073.1316 -1083.0026 -1090.4885 -1101.1375 -1109.7087 -1120.3508 -1124.2434 -1133.3113 -1139.1662 -1149.1299 -1156.4932 -1165.5369 -1170.3381 -1176.8136 -1183.6707 -1188.2742 -1192.3716 -1202.7831 -1207.3656 -1217.5140 -1223.0436 -1233.9258 -1241.3291 -1250.4071 -1252.7313 -1261.1169 -1268.2634 -1270.1214
-754.5034 -764.9061 -774.0811 -787.3191 -797.5174 -811.8877 -818.1616 -831.4528 -844.4196 -856.1453 -864.6184 -878.1661 -886.5215 -901.9840 -910.0887 -923.7193 -935.6520 -951.2180 -956.6523 -969.3326 -976.0522 -987.2620 -997.1849 -1011.9098 -1018.9945 -1032.1641 -1040.6699 -1045.1486 -1056.0750 -1069.6368 -1076.1909 -1088.7597 -1096.9115 -1105.9989 -1112.5042 -1124.9456 -1129.4759 -1137.4740 -1143.6418 -1152.2752 -1159.5308 -1168.5402 -1174.4856 -1181.7836 -1186.6373 -1194.0711 -1198.2496 -1205.6185 -1211.2641 -1222.2545 -1227.8117 -1236.7090 -1244.0072 -1253.9631 -1257.6755 -1265.0231 -1270.1497 -1274.2891
-768.6371 -779.0860 -788.1995 -803.4786 -811.0629 -824.9440 -831.8078 -844.5995 -855.1989 -868.3589 -877.2983 -890.9243 -896.0044 -910.4716 -920.6499 -933.6785 -945.5697 -958.6944 -965.7405 -976.8856 -984.5935 -998.2008 -1007.7921 -1020.4899 -1027.2896 -1040.5155 -1050.7210 -1064.5095 -1067.8947 -1079.5884 -1088.2455 -1097.2659 -1105.4307 -1118.5919 -1126.0789 -1132.5459 -1136.6973 -1147.5746 -1151.8203 -1159.6382 -1167.0698 -1175.5673 -1181.8747 -1191.9108 -1198.0453 -1204.6324 -1209.7548 -1214.2147 -1218.1949 -1228.1084 -1236.1980 -1246.4285 -1249.3288 -1260.4789 -1264.5971 -1273.1784 -1279.9180 -1281.0280
-779.9388 -791.0178 -798.8008 -808.5120 -819.1736 -833.1205 -839.6672 -853.8339 -862.0412 -877.7019 -885.5514 -899.4064 -906.5324 -918.6466 -929.2557 -941.8691 -952.1389 -966.2038 -972.3357 -986.3261 -993.3730 -1005.2831 -1014.4266 -1026.5485 -1032.8789 -1048.2448 -1057.7884 -1072.4738 -1081.9144 -1088.4238 -1091.8805 -1106.4008 -1112.8270 -1124.4172 -1133.1639 -1143.6131 -1145.3477 -1154.6076 -1159.1519 -1166.8088 -1171.6520 -1182.0855 -1187.9288 -1197.4231 -1204.9783 -1210.8606 -1215.7552 -1223.6231 -1226.2702 -1234.2054 -1241.0192 -1250.7448 -1256.6540 -1264.3682 -1268.4170 -1279.9136 -1285.5047 -1289.1768
-799.8359 -807.2686 -813.6510 -824.4082 -834.2408 -846.8834 -855.4862 -866.7136 -875.2207 -888.4945 -899.1284 -909.0045 -916.0032 -930.2294 -939.2704 -953.0224 -964.4946 -974.9880 -982.4544 -996.5560 -1005.2319 -1016.6093 -1023.6839 -1034.6202 -1041.2427 -1054.9450 -1065.7563 -1079.9127 -1090.9205 -1104.3680 -1110.0295 -1114.1008 -1125.1280 -1133.9816 -1141.0288 -1150.6400 -1156.5859 -1165.0639 -1170.5567 -1176.7151 -1182.1166 -1189.1690 -1194.2342 -1203.7329 -1210.6830 -1221.0519 -1227.3180 -1232.4524 -1236.8392 -1241.7680 -1247.2795 -1255.9934 -1263.0546 -1271.4468 -1275.7424 -1284.6503 -1292.3895 -1296.8156
-811.6175 -819.7688 -825.7177 -836.8932 -845.0508 -855.5728 -861.6868 -874.9474 -886.0197 -897.8751 -908.1170 -919.7276 -924.7200 -938.7068 -947.0537 -961.5931 -970.6437 -983.8479 -990.0813 -1004.6461 -1013.1793 -1025.7097 -1033.2046 -1044.4208 -1048.6014 -1060.7266 -1071.5866 -1086.1930 -1095.9309 -1109.7012 -1116.7211 -1127.9620 -1134.9464 -1142.6707 -1149.7545 -1157.8595 -1162.3775 -1173.2610 -1178.9133 -1185.2826 -1190.0270 -1195.9587 -1200.1100 -1209.1263 -1216.0918 -1225.6269 -1232.5167 -1239.6826 -1242.5075 -1250.1124 -1253.9436 -1261.0037 -1267.5560 -1275.3205 -1278.8464 -1288.5977 -1297.2205 -1301.7925
-828.2013 -837.5669 -841.6757 -851.2630 -859.8740 -872.4426 -875.5909 -888.6304 -896.9782 -912.3680 -919.2083 -933.9756 -940.4978 -949.5448 -960.1759 -973.2032 -980.5781 -993.4195 -1000.5212 -1012.0293 -1021.7738 -1034.7351 -1043.5296 -1055.6973 -1061.4370 -1070.4580 -1079.8748 -1093.6026 -1103.9872 -1118.0988 -1123.5471 -1135.8222 -1144.8624 -1156.7485 -1161.0643 -1170.0871 -1172.3533 -1180.1948 -1188.1661 -1197.2164 -1201.0684 -1206.1902 -1209.7148 -1216.3044 -1222.1361 -1231.6487 -1238.0581 -1246.3691 -1250.2068 -1256.1167 -1264.0204 -1270.8668 -1273.8569 -1282.0550 -1285.3956 -1291.9985 -1302.1332 -1309.4626
-839.3091 -844.9330 -851.6496 -860.3648 -865.0113 -877.5765 -885.4192 -895.7934 -903.1558 -918.9854 -927.0071 -939.0100 -944.7851 -957.8049 -967.6459 -978.9869 -986.9283 -999.9455 -1006.4434 -1017.3474 -1026.5637 -1039.7489 -1048.9382 -1060.7666 -1066.0443 -1078.0842 -1085.6346 -1099.1157 -1108.0938 -1120.7622 -1127.7274 -1140.3429 -1149.2449 -1160.6023 -1166.7623 -1175.8102 -1179.8836 -1185.5842 -1191.7477 -1202.2355 -1207.2419 -1212.7618 -1214.4692 -1221.3987 -1226.0052 -1234.5961 -1241.5591 -1249.8089 -1253.4346 -1261.5086 -1266.1326 -1274.6801 -1278.0808 -1285.2226 -1287.3360 -1295.3024 -1304.5462 -1310.7974
-853.7702 -862.6455 -866.7436 -874.9628 -881.2523 -893.7085 -897.2001 -909.0228 -917.6850 -929.9127 -940.2111 -952.8334 -957.6658 -969.2515 -977.6060 -989.0456 -998.8582 -1010.9451 -1017.6027 -1029.8715 -1034.7442 -1048.4201 -1057.7873 -1069.8381 -1075.6690 -1087.4139 -1096.3210 -1108.4609 -1117.8611 -1129.0358 -1136.3835 -1147.9085 -1155.6214 -1166.1888 -1174.4516 -1184.2354 -1188.7898 -1197.7361 -1202.8285 -1208.6823 -1216.5132 -1223.6084 -1225.8861 -1229.5245 -1235.1054 -1240.7543 -1246.7989 -1256.4632 -1261.3403 -1267.6446 -1272.3952 -1279.4493 -1285.4958 -1292.2849 -1295.5511 -1302.7495 -1311.1034 -1316.4805
-866.2997 -874.0520 -879.6384 -888.6004 -890.8747 -904.6286 -907.4099 -917.9446 -928.0975 -937.5916 -948.6865 -962.9114 -967.4851 -978.7311 -984.9137 -995.5673 -1005.2546 -1019.9595 -1023.7040 -1037.0318 -1044.9032 -1055.1300 -1064.3827 -1075.4660 -1081.6432 -1093.4475 -1102.2074 -1114.6775 -1124.6801 -1136.3590 -1142.2700 -1154.5135 -1161.4707 -1172.1648 -1179.3987 -1190.3198 -1196.0610 -1202.9316 -1213.5218 -1217.0754 -1222.3415 -1230.2923 -1232.7188 -1237.4174 -1242.2488 -1246.8897 -1251.4651 -1258.9988 -1263.7795 -1271.5664 -1275.8312 -1283.6440 -1289.1978 -1297.3614 -1300.9420 -1309.6863 -1315.7026 -1321.3763
-885.6112 -891.2416 -895.7468 -903.5314 -906.7644 -919.9655 -924.3568 -930.4042 -940.7967 -951.7614 -960.5360 -973.5495 -978.9191 -988.8338 -997.2433 -1007.8996 -1016.3476 -1029.6188 -1034.1844 -1046.3714 -1056.3285 -1066.0279 -1075.1188 -1086.1495 -1089.8116 -1101.7426 -1110.5845 -1120.8386 -1130.7755 -1143.9335 -1149.7280 -1162.5145 -1170.6421 -1183.0765 -1189.4657 -1198.5283 -1203.3805 -1210.4119 -1216.2131 -1229.7642 -1232.1772 -1239.1891 -1241.8562 -1246.9944 -1250.0919 -1256.0184 -1258.9439 -1266.2899 -1269.5671 -1277.6274 -1282.6763 -1291.1343 -1293.0787 -1301.1468 -1305.1866 -1317.9913 -1324.1391 -1328.3665
-896.9238 -902.7856 -906.4822 -915.0591 -920.2689 -931.6023 -932.0698 -944.0476 -950.1372 -960.9952 -970.6854 -981.0452 -986.0041 -996.9515 -1004.5779 -1016.9286 -1026.1928 -1036.3319 -1042.5993 -1053.5540 -1063.2045 -1073.5844 -1081.6996 -1094.2883 -1099.2833 -1107.8335 -1116.8583 -1127.5444 -1135.3134 -1148.3647 -1153.2945 -1167.3053 -1176.5868 -1187.8191 -1197.5995 -1206.9927 -1209.9889 -1217.9336 -1223.1994 -1229.8626 -1240.3289 -1243.7176 -1247.0337 -1254.2268 -1257.7289 -1261.5204 -1266.4961 -1271.4452 -1274.5357 -1280.5106 -1286.9947 -1293.3020 -1298.0132 -1304.8934 -1308.7290 -1318.1786 -1327.9540 -1335.7845
-913.2299 -919.4096 -925.0838 -930.5842 -935.8934 -946.1138 -951.6658 -958.8509 -965.4235 -975.2367 -982.8315 -993.9688 -997.5609 -1008.6808 -1018.1556 -1029.4304 -1037.6714 -1047.4049 -1053.2187 -1065.5469 -1071.6316 -1084.6088 -1092.3364 -1103.1770 -1109.4267 -1118.9435 -1125.5186 -1137.2685 -1144.8630 -1155.5787 -1161.4728 -1174.3887 -1184.1717 -1194.0157 -1201.6633 -1214.3816 -1219.1977 -1226.0414 -1229.7332 -1236.4555 -1246.4820 -1254.9014 -1253.3964 -1264.4288 -1264.8212 -1269.5977 -1276.1327 -1278.9087 -1283.7705 -1288.2101 -1291.6943 -1298.3744 -1305.5520 -1311.4764 -1313.6045 -1320.9788 -1329.8731 -1338.5921
-921.9639 -926.2176 -930.2401 -939.4712 -943.3674 -951.5415 -957.8547 -965.1284 -972.7659 -983.1045 -990.6726 -996.6151 -1001.9271 -1014.6605 -1024.7621 -1035.1336 -1042.3574 -1051.8016 -1058.6331 -1071.5562 -1077.3658 -1089.5463 -1098.0641 -1107.9014 -1113.3028 -1124.0169 -1130.6652 -1141.1855 -1150.6954 -1159.9624 -1165.7011 -1177.3531 -1187.3242 -1199.1081 -1205.7857 -1215.7689 -1221.2769 -1229.8364 -1234.3572 -1240.5231 -1246.2428 -1260.3603 -1259.0856 -1268.7681 -1271.4497 -1274.5855 -1279.8232 -1284.3687 -1287.2877 -1292.9103 -1295.1647 -1300.6153 -1308.4947 -1316.6076 -1318.0230 -1323.4460 -1331.0830 -1339.0013
-938.6770 -943.8633 -947.3323 -954.2640 -960.2812 -967.3775 -973.0348 -983.1282 -989.4915 -994.4212 -998.4042 -1007.9772 -1013.3947 -1027.2253 -1036.3094 -1046.5291 -1053.8260 -1064.0913 -1070.0689 -1080.3808 -1089.6423 -1099.6081 -1107.9660 -1117.5563 -1121.6784 -1133.0872 -1140.9071 -1149.6771 -1159.0164 -1171.4818 -1175.6403 -1186.4519 -1193.6535 -1205.4663 -1214.3315 -1222.1877 -1228.4771 -1237.6804 -1242.0449 -1248.6636 -1252.7191 -1264.0067 -1271.8768 -1274.6189 -1282.1827 -1281.6022 -1285.1865 -1291.3882 -1297.1274 -1301.1697 -1301.9468 -1306.8427 -1312.7121 -1319.8646 -1323.1497 -1330.3725 -1335.6144 -1343.0215
-951.3554 -956.3922 -959.5452 -967.2818 -971.5948 -977.1058 -984.2263 -994.3329 -1000.4197 -1004.8032 -1009.1293 -1017.2654 -1023.0831 -1035.6213 -1043.5530 -1055.3452 -1055.5894 -1072.9273 -1077.5460 -1088.6255 -1096.6339 -1107.4644 -1116.5395 -1124.9471 -1129.7374 -1138.8757 -1148.3768 -1156.6647 -1164.6017 -1176.7774 -1183.1697 -1192.9298 -1200.9692 -1210.7355 -1219.1408 -1229.8494 -1233.1113 -1242.3285 -1247.5109 -1256.0934 -1259.6758 -1267.0761 -1273.8974 -1285.1029 -1287.6960 -1290.5854 -1292.9239 -1298.2119 -1299.2532 -1303.6664 -1310.1338 -1315.5359 -1318.3473 -1323.9643 -1327.5542 -1333.5596 -1340.2569 -1346.5881
-968.0021 -973.4381 -979.3252 -982.2915 -985.1217 -993.6055 -998.6345 -1009.4791 -1011.7395 -1018.9770 -1023.4563 -1030.3858 -1036.1684 -1049.5608 -1056.8357 -1066.1553 -1074.4775 -1077.6869 -1088.4940 -1100.2814 -1107.9430 -1119.2547 -1125.0625 -1136.5181 -1141.1354 -1149.9993 -1157.4031 -1166.5839 -1173.7123 -1184.1604 -1190.2056 -1200.6747 -1208.7678 -1217.6612 -1225.7958 -1236.4613 -1240.4115 -1247.7895 -1253.1446 -1261.0396 -1267.8457 -1272.4956 -1277.2673 -1293.5216 -1297.5696 -1301.7705 -1303.4321 -1306.3850 -1306.6086 -1315.1177 -1320.4844 -1323.0258 -1326.3683 -1331.9964 -1332.8420 -1339.0925 -1348.7134 -1353.6623
-981.9602 -987.7002 -989.8322 -994.8639 -1000.8140 -1006.5989 -1010.1810 -1019.1481 -1023.2818 -1026.1863 -1032.1249 -1044.0514 -1044.2106 -1058.5394 -1066.7778 -1075.8930 -1082.4064 -1089.7993 -1091.5797 -1108.5266 -1117.6416 -1126.6904 -1134.1591 -1143.9126 -1147.6787 -1157.8506 -1164.6386 -1174.8185 -1180.9426 -1189.7080 -1194.3479 -1206.4144 -1214.5084 -1223.2062 -1231.4641 -1240.8252 -1246.4117 -1253.5795 -1258.9146 -1266.9264 -1272.5269 -1280.0403 -1282.3803 -1290.1252 -1301.6130 -1301.4200 -1309.1215 -1310.2895 -1312.4003 -1322.2856 -1328.6885 -1329.3705 -1331.7369 -1335.6808 -1339.3431 -1345.2881 -1350.7442 -1357.9780
-996.2815 -1001.0421 -1006.5637 -1012.4197 -1016.3325 -1016.4112 -1024.3632 -1030.2906 -1035.8156 -1040.0401 -1046.8691 -1055.3739 -1062.5700 -1068.3964 -1078.9158 -1087.0817 -1095.8741 -1102.6025 -1106.3316 -1116.6689 -1126.0317 -1137.1969 -1144.7398 -1154.7986 -1157.9868 -1168.0941 -1174.6207 -1184.7058 -1190.2254 -1199.6968 -1204.1117 -1212.4360 -1219.1356 -1231.8390 -1237.9548 -1246.6250 -1250.0117 -1260.6935 -1266.6652 -1274.0084 -1278.2891 -1286.0438 -1290.0689 -1297.3146 -1304.1113 -1312.3341 -1313.0000 -1319.1085 -1321.9774 -1326.0295 -1333.3252 -1339.5653 -1343.1779 -1343.9501 -1346.0283 -1351.4104 -1358.8313 -1362.2987
-1005.3309 -1009.8326 -1013.6904 -1020.0635 -1024.0657 -1027.4097 -1030.3263 -1037.3423 -1043.0893 -1047.9681 -1053.2365 -1061.5407 -1070.1953 -1076.4710 -1084.7981 -1094.3961 -1101.6284 -1108.8321 -1112.1728 -1121.7809 -1130.4273 -1140.2931 -1148.7243 -1159.3755 -1164.2961 -1172.5201 -1178.3237 -1189.7505 -1196.9405 -1204.5619 -1209.0750 -1218.0785 -1223.5985 -1233.3394 -1241.3241 -1248.5069 -1254.5609 -1263.2384 -1269.5899 -1278.4153 -1284.5069 -1291.0486 -1294.6318 -1301.0391 -1307.1260 -1315.1444 -1318.4124 -1326.8769 -1326.4440 -1330.7083 -1333.6717 -1342.7574 -1348.0011 -1347.0436 -1349.9777 -1355.2180 -1363.6714 -1366.6016
-1018.1214 -1025.2484 -1029.8449 -1037.0555 -1038.8415 -1043.5525 -1043.9492 -1051.8654 -1055.7061 -1063.5081 -1068.7482 -1075.7302 -1085.3321 -1094.1433 -1098.4437 -1107.8886 -1110.6265 -1121.0928 -1124.5584 -1132.2988 -1139.3578 -1150.3884 -1156.9134 -1165.7270 -1171.9790 -1181.5328 -1188.3966 -1196.7799 -1204.7930 -1213.2874 -1218.0921 -1225.1053 -1233.2600 -1243.0736 -1250.1577 -1256.8505 -1260.8694 -1268.7383 -1274.3996 -1281.7898 -1288.1795 -1297.6891 -1299.7836 -1306.5980 -1311.9561 -1321.7760 -1325.4143 -1336.7087 -1339.4649 -1340.3657 -1335.4352 -1342.4025 -1351.8778 -1359.3455 -1357.9501 -1362.5837 -1368.0481 -1373.6101
-1033.5010 -1039.0246 -1042.3951 -1045.6348 -1049.8865 -1051.1526 -1054.6488 -1061.5295 -1066.9095 -1074.4814 -1083.2666 -1090.8958 -1093.3973 -1102.2176 -1106.6386 -1112.1821 -1122.0279 -1129.2011 -1132.1035 -1140.6458 -1146.7078 -1156.7143 -1163.4218 -1172.9149 -1177.1003 -1188.3885 -1194.9381 -1204.1938 -1210.3478 -1219.8649 -1224.0112 -1233.5709 -1239.9644 -1247.6262 -1254.0999 -1264.2998 -1266.6926 -1273.6754 -1280.8183 -1286.8955 -1291.6530 -1300.6353 -1305.4753 -1312.3178 -1317.6943 -1326.4866 -1331.0648 -1339.2937 -1342.9374 -1349.8699 -1346.8004 -1346.8946 -1355.1990 -1361.8767 -1365.3451 -1366.7874 -1372.5234 -1377.2665
