DATA/stromboliDEM.asc
ncols        460
nrows        438
xllcorner    505700.000000000000
yllcorner    4285580.000000000000
cellsize     50.000000000000
NODATA_value  -9999
[rows 364 to 389 of 438, columns 58 to 115 of 460]
-1721.5441 -1714.2237 -1709.3281 -1705.4677 -1702.0837 -1698.2354 -1692.6445 -1689.2159 -1685.8802 -1681.3786 -1676.9203 -1681.8869 -1679.3234 -1671.3415 -1661.4628 -1655.4612 -1650.8909 -1643.8680 -1627.2012 -1618.0472 -1618.7279 -1620.6340 -1616.0231 -1618.6196 -1612.7605 -1607.1887 -1597.6177 -1592.5884 -1572.6398 -1564.9961 -1565.0837 -1561.9843 -1556.8507 -1560.0619 -1569.9856 -1571.3691 -1561.3791 -1556.9535 -1561.8788 -1558.7312 -1545.9143 -1540.9506 -1540.8248 -1534.9966 -1520.0728 -1511.4107 -1508.2821 -1512.1207 -1506.5334 -1500.6049 -1503.1531 -1507.2590 -1509.9130 -1504.0774 -1496.2132 -1493.2113 -1497.8737 -1497.4564
-1717.0584 -1709.4401 -1703.1828 -1700.6821 -1696.5971 -1694.4307 -1687.6499 -1684.3154 -1686.2743 -1680.8785 -1673.2904 -1671.6088 -1667.3225 -1666.0659 -1657.9830 -1649.7090 -1643.2393 -1633.7881 -1621.4446 -1608.6632 -1607.3191 -1604.0500 -1609.8803 -1609.6025 -1605.2660 -1598.4491 -1584.6309 -1578.4621 -1567.4380 -1561.3688 -1556.4207 -1556.0872 -1552.4405 -1548.2074 -1546.9836 -1549.8883 -1541.0696 -1539.8886 -1552.8051 -1554.1648 -1544.9223 -1529.9887 -1526.7583 -1519.8672 -1516.7845 -1514.9994 -1510.2143 -1508.7892 -1507.0795 -1502.7778 -1500.6351 -1502.1370 -1503.1257 -1500.9635 -1497.5043 -1492.7380 -1491.2428 -1488.3526
-1712.2211 -1701.0471 -1690.8487 -1687.2667 -1683.3752 -1683.9999 -1683.7308 -1681.3877 -1678.2879 -1674.8764 -1671.0149 -1665.2911 -1662.4361 -1659.6094 -1653.2808 -1646.9788 -1637.6617 -1631.6742 -1617.5299 -1606.9801 -1590.3545 -1587.0317 -1586.8575 -1583.5176 -1583.0795 -1581.0342 -1572.2655 -1564.7490 -1562.2438 -1558.3833 -1552.0463 -1546.7809 -1543.2530 -1542.4420 -1533.1951 -1530.4925 -1531.7280 -1528.5997 -1530.2037 -1529.6029 -1527.9695 -1521.9021 -1515.8452 -1515.4666 -1513.1987 -1514.2033 -1506.9007 -1500.4699 -1501.4682 -1500.0514 -1497.6705 -1497.6640 -1500.2047 -1499.9279 -1493.8589 -1491.2915 -1489.4750 -1485.7861
-1707.8637 -1696.8561 -1686.7806 -1680.7100 -1679.4397 -1677.1472 -1678.1101 -1676.4769 -1677.8645 -1673.2984 -1670.2775 -1663.0541 -1659.2013 -1654.5792 -1649.6828 -1643.2439 -1634.1851 -1624.9723 -1613.2253 -1604.3193 -1586.7148 -1578.5093 -1578.1290 -1575.5313 -1572.4574 -1571.5998 -1564.2454 -1560.2503 -1558.3624 -1553.6021 -1546.9582 -1542.5064 -1541.0109 -1538.2744 -1530.2030 -1527.2649 -1524.5912 -1524.2843 -1523.4374 -1522.2630 -1520.4397 -1519.3019 -1513.1299 -1512.7449 -1510.8301 -1510.9866 -1502.6500 -1496.4645 -1495.7760 -1496.2779 -1494.4398 -1493.4734 -1497.0693 -1499.1810 -1492.5668 -1490.6753 -1488.4750 -1482.2780
-1706.4863 -1693.1513 -1677.4924 -1671.3605 -1670.9230 -1671.6913 -1668.1832 -1668.9485 -1666.4293 -1667.5176 -1662.3176 -1660.3753 -1655.1791 -1647.8951 -1643.5500 -1636.2305 -1618.2320 -1611.5139 -1600.1302 -1590.3804 -1577.3440 -1566.4759 -1565.2582 -1570.1655 -1563.1213 -1561.1402 -1554.7027 -1551.5048 -1552.9073 -1549.0259 -1539.2708 -1535.6581 -1531.5625 -1527.6997 -1526.1397 -1520.7061 -1520.6295 -1515.9666 -1514.8013 -1516.7045 -1513.3758 -1512.5007 -1509.8504 -1506.6773 -1502.8135 -1502.3116 -1498.6931 -1494.0002 -1493.3497 -1493.3155 -1485.3969 -1482.7038 -1491.0661 -1494.7125 -1490.9226 -1487.2912 -1480.5306 -1480.5513
-1708.5485 -1691.9594 -1674.6426 -1669.1427 -1666.8801 -1667.1084 -1666.0993 -1664.1694 -1660.3600 -1660.0944 -1655.4701 -1654.1410 -1645.0482 -1638.4343 -1633.2664 -1625.6957 -1613.7899 -1603.8120 -1590.2614 -1582.8393 -1570.3461 -1565.3719 -1559.9223 -1558.7860 -1554.3998 -1555.9608 -1552.4512 -1548.9270 -1546.9025 -1545.5953 -1537.2806 -1535.3658 -1527.5082 -1521.9918 -1519.9408 -1515.3395 -1514.1133 -1512.3936 -1510.1981 -1510.2753 -1510.3110 -1508.1887 -1505.8640 -1503.3155 -1499.0433 -1497.7678 -1497.9160 -1496.4456 -1495.1362 -1493.1348 -1487.7851 -1483.2179 -1478.1682 -1480.1571 -1482.1924 -1480.2965 -1471.9713 -1477.5502
-1708.6854 -1691.9747 -1676.4101 -1669.2353 -1663.2346 -1659.5801 -1657.5935 -1652.9351 -1652.7261 -1651.3831 -1643.4422 -1637.5514 -1624.1057 -1622.8513 -1615.4578 -1609.1087 -1599.6001 -1588.2807 -1577.4818 -1568.3398 -1562.0940 -1559.5176 -1558.2193 -1557.3301 -1552.4927 -1551.2328 -1547.8550 -1545.8733 -1540.1287 -1540.6227 -1534.3283 -1529.0085 -1524.1727 -1520.8447 -1516.9309 -1511.4846 -1512.0737 -1506.2168 -1505.2954 -1505.3120 -1504.2794 -1501.9825 -1501.0970 -1498.1416 -1495.8230 -1495.3679 -1495.1219 -1494.4051 -1495.0653 -1493.6274 -1490.2744 -1487.4849 -1477.9111 -1473.6580 -1473.4641 -1474.0306 -1471.0491 -1468.8033
-1708.7422 -1686.1689 -1671.3707 -1662.5364 -1652.8274 -1648.0096 -1643.3215 -1643.2131 -1638.8491 -1637.7090 -1635.4485 -1627.4955 -1614.2653 -1610.7054 -1602.7906 -1599.6366 -1584.0353 -1576.0283 -1564.3675 -1558.9718 -1551.3960 -1548.5809 -1551.8185 -1553.1004 -1547.2579 -1548.1022 -1546.3004 -1544.3343 -1539.4039 -1536.8572 -1531.6320 -1528.7260 -1524.4472 -1519.3955 -1512.8808 -1507.4347 -1506.4964 -1501.9707 -1502.9343 -1501.2813 -1498.9572 -1497.3607 -1495.5175 -1493.8751 -1494.1704 -1493.5854 -1492.4969 -1492.0670 -1491.1583 -1489.1364 -1488.2970 -1488.3139 -1486.0473 -1485.0135 -1474.3735 -1472.6922 -1469.9365 -1467.5375
-1706.9099 -1674.9549 -1645.8706 -1637.0029 -1635.9627 -1632.6037 -1629.6443 -1624.7312 -1619.7234 -1620.9498 -1614.2467 -1607.6620 -1599.0602 -1590.5398 -1586.5154 -1583.7211 -1570.4178 -1566.4612 -1557.0207 -1551.7766 -1547.8083 -1545.1135 -1541.0581 -1539.5475 -1538.4553 -1536.3023 -1541.2581 -1539.5817 -1530.1674 -1530.0014 -1527.4194 -1522.5932 -1516.8091 -1515.7008 -1507.4607 -1505.0039 -1500.9673 -1496.5635 -1495.5109 -1492.9385 -1492.2982 -1492.3188 -1488.8738 -1490.7723 -1489.0832 -1488.7981 -1488.2853 -1487.2011 -1485.8088 -1484.7923 -1484.2182 -1485.2560 -1487.6649 -1486.6748 -1478.1061 -1471.8976 -1471.3711 -1466.0373
-1701.3844 -1671.7637 -1643.2797 -1635.2573 -1631.2846 -1623.9501 -1620.8706 -1616.2086 -1612.2687 -1608.6689 -1607.1124 -1600.1773 -1590.4335 -1582.1014 -1578.2359 -1575.2720 -1570.2818 -1559.5381 -1553.7823 -1548.8180 -1546.2524 -1544.4329 -1540.6340 -1539.4884 -1530.9002 -1530.0897 -1536.1910 -1533.6505 -1527.7415 -1527.9405 -1521.8765 -1521.2523 -1513.8466 -1511.3587 -1504.1051 -1503.7744 -1498.1602 -1493.4828 -1492.2220 -1491.6481 -1489.3324 -1489.9444 -1486.5814 -1487.4388 -1487.4172 -1488.2097 -1486.8070 -1486.2778 -1483.9693 -1481.9149 -1482.9374 -1482.2785 -1483.7370 -1484.6698 -1478.5922 -1473.1712 -1471.6763 -1463.5712
-1698.1048 -1686.8751 -1648.2084 -1635.3385 -1620.3529 -1609.7547 -1603.1620 -1602.8548 -1598.5105 -1597.2447 -1593.4439 -1593.8363 -1585.7084 -1575.3653 -1568.8912 -1564.9751 -1559.8137 -1552.2163 -1544.1232 -1538.3364 -1538.3849 -1540.3887 -1536.8139 -1533.4710 -1530.2458 -1532.6730 -1528.6701 -1525.6428 -1521.3246 -1519.0683 -1515.0193 -1514.4636 -1509.0351 -1506.0596 -1495.7211 -1494.3933 -1494.0378 -1490.3245 -1489.1974 -1488.5277 -1484.0473 -1482.8284 -1483.4024 -1482.4075 -1482.6167 -1481.5445 -1481.6620 -1481.6251 -1480.5005 -1480.5015 -1476.7028 -1478.0292 -1477.7834 -1477.0773 -1474.1084 -1472.8136 -1465.8576 -1461.3875
-1695.9432 -1684.1058 -1653.5144 -1638.7453 -1618.4656 -1608.6598 -1596.9626 -1592.8372 -1591.1684 -1587.7807 -1587.7338 -1582.0202 -1576.3267 -1571.1168 -1563.9670 -1558.2042 -1547.3368 -1545.2032 -1536.0337 -1530.5695 -1530.2843 -1530.6082 -1524.2409 -1526.7074 -1527.7188 -1528.9310 -1525.0869 -1522.5708 -1515.5905 -1510.7691 -1510.6672 -1508.0886 -1503.2903 -1501.1958 -1495.5018 -1492.1012 -1489.7817 -1486.7222 -1483.4177 -1480.7443 -1482.8953 -1479.9158 -1478.4963 -1478.0994 -1477.0423 -1476.2836 -1476.7381 -1476.8559 -1477.4991 -1475.6667 -1474.0262 -1474.9179 -1474.3535 -1473.5375 -1472.3453 -1468.6078 -1466.4365 -1462.2775
-1660.9654 -1657.2175 -1647.6189 -1636.0839 -1616.2562 -1601.5774 -1592.3563 -1587.8755 -1581.9278 -1579.3076 -1575.8591 -1572.4419 -1566.0195 -1560.9534 -1551.3101 -1548.8044 -1541.5716 -1533.4830 -1526.0805 -1522.8781 -1518.2336 -1515.9209 -1516.2725 -1517.1300 -1519.0312 -1519.0563 -1512.2572 -1508.7232 -1505.2302 -1503.8576 -1501.0162 -1498.6550 -1495.3074 -1493.7869 -1489.6261 -1487.1074 -1484.9480 -1480.4414 -1477.6043 -1477.1929 -1475.3411 -1476.4767 -1471.6424 -1471.9985 -1471.6539 -1471.6238 -1471.1569 -1470.8220 -1470.2108 -1470.0690 -1468.9408 -1468.6923 -1468.7948 -1469.3241 -1468.4583 -1467.0261 -1465.5012 -1462.9556
-1651.7559 -1643.5183 -1632.1405 -1627.1355 -1611.7427 -1603.8521 -1594.0450 -1585.4095 -1579.1454 -1575.2863 -1566.8261 -1564.3848 -1557.9340 -1549.3897 -1542.4574 -1540.3723 -1527.2774 -1522.7558 -1519.6524 -1519.3889 -1511.4556 -1510.7505 -1508.8952 -1509.8052 -1511.8954 -1509.5998 -1504.8386 -1502.9253 -1493.5735 -1497.5598 -1497.6334 -1496.4019 -1489.7576 -1487.1758 -1482.7687 -1481.3706 -1478.6462 -1477.5057 -1475.4507 -1473.2856 -1469.4274 -1470.5936 -1468.5777 -1469.4321 -1466.4330 -1466.9979 -1467.0240 -1467.4956 -1467.5269 -1465.0007 -1464.7707 -1463.9912 -1465.0532 -1465.2915 -1465.2862 -1465.3847 -1464.4774 -1461.7925
-1630.7888 -1622.1686 -1613.1917 -1610.1433 -1602.8533 -1599.4640 -1594.2588 -1587.5728 -1576.4774 -1570.9649 -1562.9335 -1554.2519 -1544.8899 -1537.4210 -1529.4753 -1526.2328 -1517.4942 -1509.0627 -1511.8227 -1511.6679 -1502.9959 -1501.9048 -1502.6117 -1500.7248 -1494.6751 -1497.0283 -1497.1140 -1493.6208 -1486.8008 -1492.3884 -1490.7143 -1487.0988 -1481.5999 -1483.1543 -1476.6288 -1475.8351 -1470.1917 -1469.4797 -1468.2153 -1467.9732 -1467.4665 -1464.8548 -1467.1001 -1463.0466 -1461.0571 -1460.4476 -1458.5878 -1461.0837 -1462.6026 -1459.3316 -1458.9066 -1458.8073 -1456.8108 -1457.7259 -1459.4572 -1459.7129 -1457.6080 -1457.2193
-1616.6666 -1614.9070 -1606.8649 -1604.0812 -1599.4146 -1598.3905 -1594.2112 -1588.5416 -1575.9548 -1570.7638 -1560.5038 -1552.1707 -1540.1184 -1532.2782 -1522.0434 -1515.2252 -1512.9638 -1508.2496 -1506.9956 -1506.0061 -1501.0636 -1499.6651 -1499.1962 -1496.2604 -1492.4697 -1493.1222 -1489.5870 -1489.7809 -1482.3693 -1486.8530 -1484.2727 -1478.2969 -1477.3467 -1477.1820 -1471.7050 -1471.9404 -1466.0493 -1466.3021 -1466.4769 -1467.3298 -1464.9674 -1460.8181 -1464.1921 -1458.7387 -1458.8278 -1458.1273 -1455.3277 -1457.6694 -1457.0255 -1457.0318 -1454.5414 -1454.9114 -1454.7316 -1454.2637 -1455.9767 -1456.4293 -1454.8906 -1454.7609
-1604.1737 -1598.6719 -1595.0257 -1595.6851 -1594.1911 -1593.6242 -1590.2032 -1587.9781 -1580.4798 -1574.0464 -1561.0103 -1550.5859 -1535.7567 -1526.3037 -1513.2089 -1509.0656 -1505.1111 -1502.3026 -1498.4985 -1497.9639 -1499.3443 -1497.8845 -1491.5726 -1487.8712 -1485.7156 -1484.4927 -1478.5183 -1476.8294 -1476.3735 -1474.8625 -1467.9004 -1470.3129 -1467.5367 -1466.3346 -1466.6265 -1466.5584 -1461.1280 -1461.6066 -1458.8199 -1459.6685 -1455.2519 -1456.4666 -1456.5416 -1456.5389 -1454.6183 -1452.8031 -1451.6463 -1452.4989 -1450.1796 -1448.6057 -1447.2033 -1447.8847 -1446.9509 -1444.8862 -1447.7106 -1448.9615 -1448.6848 -1448.9590
-1594.7371 -1593.8140 -1591.0542 -1589.7877 -1589.4112 -1589.9149 -1587.7274 -1584.8942 -1580.1121 -1575.4659 -1563.3120 -1550.7303 -1536.7336 -1525.9869 -1514.2994 -1509.0103 -1499.7605 -1498.2266 -1494.4420 -1492.3695 -1494.4177 -1493.1375 -1490.3414 -1485.7074 -1479.0624 -1479.5604 -1475.5453 -1472.6751 -1473.4316 -1467.7231 -1464.1351 -1464.6632 -1462.1429 -1461.4308 -1459.7624 -1459.2490 -1458.0586 -1456.1066 -1452.9878 -1455.1621 -1452.6727 -1452.2701 -1452.0984 -1451.0779 -1449.0990 -1448.8502 -1446.2163 -1448.4161 -1445.8456 -1445.8315 -1443.6036 -1442.9085 -1440.5176 -1441.0969 -1441.3851 -1443.4260 -1442.7318 -1443.6024
-1589.1428 -1586.7991 -1585.9952 -1586.0759 -1586.5197 -1586.8793 -1585.5730 -1584.5672 -1578.9394 -1574.3962 -1561.7796 -1553.2550 -1535.4803 -1523.4557 -1509.7845 -1505.0316 -1499.0032 -1495.9737 -1490.7002 -1491.3054 -1488.1526 -1486.3015 -1484.1275 -1479.8769 -1474.8692 -1471.9758 -1468.9987 -1466.6490 -1465.5734 -1461.1939 -1455.6582 -1456.1217 -1455.5222 -1455.1530 -1451.9130 -1450.9855 -1447.2398 -1450.5635 -1448.7516 -1450.0528 -1447.6167 -1449.0008 -1444.3214 -1444.5335 -1442.8918 -1443.6837 -1439.9290 -1441.3560 -1437.1193 -1438.1959 -1436.5570 -1435.8770 -1433.5124 -1433.0815 -1433.0034 -1432.9479 -1436.5259 -1438.1015
-1588.5211 -1584.6905 -1583.3412 -1583.9872 -1585.8274 -1586.1768 -1585.7031 -1584.5494 -1577.2795 -1573.3904 -1561.3073 -1550.1748 -1535.9536 -1524.1904 -1508.6096 -1505.0137 -1500.6808 -1494.7792 -1486.9958 -1484.3567 -1487.0302 -1485.0363 -1481.4619 -1477.0269 -1471.8773 -1467.0837 -1460.4651 -1460.2584 -1459.1978 -1455.9117 -1450.4944 -1449.4362 -1447.5880 -1448.7313 -1445.8299 -1444.4721 -1442.1442 -1443.1171 -1444.0077 -1444.9794 -1443.7920 -1443.9870 -1441.6711 -1439.8670 -1440.3514 -1439.7470 -1436.9759 -1436.9259 -1436.2954 -1432.6159 -1432.0550 -1431.5306 -1429.3783 -1430.8633 -1429.0953 -1428.8355 -1428.7908 -1432.7115
-1582.7176 -1580.6082 -1581.5375 -1581.6473 -1582.9774 -1584.0604 -1584.0336 -1583.3797 -1575.9434 -1570.7156 -1557.4669 -1548.4446 -1533.9355 -1523.5828 -1509.4758 -1503.5976 -1492.9898 -1489.7631 -1482.6254 -1478.8330 -1482.2264 -1480.9152 -1475.4399 -1470.4530 -1467.1737 -1463.7345 -1457.6927 -1453.0368 -1449.5314 -1445.1341 -1436.3983 -1437.7926 -1440.4325 -1442.4239 -1437.4779 -1436.1668 -1432.7749 -1434.5912 -1438.1333 -1438.2681 -1436.8374 -1434.5470 -1432.0795 -1434.2199 -1435.5842 -1435.2131 -1431.9709 -1431.5037 -1430.6206 -1427.3729 -1426.7799 -1426.5734 -1423.9234 -1423.7840 -1423.4174 -1422.5012 -1422.4946 -1422.5322
-1580.8315 -1579.6928 -1578.7911 -1579.4491 -1581.4823 -1583.2466 -1583.2133 -1582.2734 -1576.3794 -1570.3458 -1557.7261 -1547.4500 -1533.2055 -1522.8386 -1506.4236 -1499.7133 -1491.6377 -1484.1717 -1480.0523 -1475.7459 -1477.5881 -1477.0527 -1471.9708 -1469.1990 -1464.0093 -1461.5708 -1454.1692 -1449.5858 -1447.2246 -1439.7466 -1434.4200 -1436.1005 -1438.2048 -1440.6517 -1431.0097 -1430.8159 -1430.1639 -1429.8710 -1432.7796 -1432.6346 -1433.7020 -1433.1733 -1430.5652 -1432.8025 -1433.9176 -1432.4467 -1424.9798 -1427.8360 -1425.4924 -1424.9472 -1422.5415 -1423.5553 -1420.8716 -1422.3450 -1420.2322 -1419.2981 -1419.3979 -1418.5962
-1579.2511 -1578.0005 -1577.1641 -1577.4059 -1579.0603 -1580.5367 -1581.6448 -1581.0534 -1573.2455 -1568.4027 -1551.7027 -1538.9261 -1530.4144 -1518.5933 -1503.5253 -1497.2620 -1485.7862 -1477.5723 -1471.8349 -1467.9270 -1468.6635 -1469.0924 -1464.4965 -1460.3159 -1456.4039 -1451.1336 -1444.0023 -1442.6142 -1438.8952 -1432.6878 -1432.9771 -1429.6025 -1423.9731 -1423.5791 -1424.5298 -1427.3055 -1426.2448 -1427.1998 -1420.5236 -1422.7510 -1429.0842 -1427.4715 -1422.9948 -1421.1923 -1420.7251 -1425.1540 -1419.6439 -1420.4647 -1422.5534 -1419.0843 -1418.4730 -1418.3324 -1416.5306 -1415.5140 -1416.0020 -1415.9503 -1414.2214 -1413.0828
-1577.6548 -1577.2348 -1575.2456 -1575.6903 -1575.1088 -1578.0867 -1580.8444 -1579.1077 -1567.1980 -1560.4270 -1550.3484 -1539.4089 -1525.2639 -1517.6792 -1501.5287 -1494.6681 -1480.8115 -1472.6510 -1468.4531 -1464.9189 -1461.2795 -1462.7051 -1458.0605 -1451.5111 -1449.5086 -1444.8068 -1436.9491 -1435.6102 -1429.0587 -1422.7344 -1422.7594 -1422.4528 -1418.8035 -1417.5788 -1421.9858 -1418.8342 -1419.6059 -1418.8418 -1418.3749 -1419.8456 -1420.1865 -1422.1244 -1419.2730 -1418.6494 -1414.6412 -1419.7843 -1417.9517 -1417.4982 -1417.3618 -1417.7095 -1415.8400 -1415.9884 -1414.9374 -1413.7381 -1412.9046 -1412.4983 -1411.4524 -1408.5893
-1574.9209 -1574.4691 -1574.2869 -1573.1124 -1572.3620 -1574.5483 -1578.6252 -1576.1265 -1567.3101 -1558.7734 -1544.6149 -1533.6915 -1519.3306 -1508.3003 -1494.6514 -1485.7310 -1474.8660 -1466.0993 -1461.9909 -1460.2018 -1459.0346 -1459.4411 -1454.9246 -1448.6429 -1441.9063 -1436.8902 -1434.7490 -1431.7231 -1426.8082 -1418.7298 -1416.7258 -1416.8227 -1414.8627 -1412.4859 -1411.2202 -1409.4236 -1407.5568 -1411.3245 -1411.9858 -1413.5493 -1408.4469 -1408.7987 -1412.5959 -1412.4963 -1411.3380 -1412.3021 -1412.2752 -1413.1342 -1411.7643 -1409.5346 -1411.8532 -1411.5746 -1411.7731 -1409.7374 -1409.9371 -1409.9770 -1408.0242 -1405.0916
-1573.2019 -1572.5232 -1572.1699 -1571.6902 -1570.1990 -1572.7969 -1576.2300 -1574.1230 -1561.0926 -1552.2809 -1541.2142 -1531.3031 -1515.4040 -1503.8380 -1484.4934 -1474.6367 -1465.7382 -1462.0266 -1456.9775 -1455.6338 -1455.4628 -1455.2417 -1449.9187 -1443.3140 -1435.2199 -1436.4937 -1430.4774 -1428.0207 -1422.4125 -1416.5537 -1414.1108 -1411.7087 -1410.1623 -1407.8735 -1405.3575 -1405.2243 -1402.9043 -1404.4395 -1408.1996 -1408.4610 -1405.3319 -1405.3186 -1405.9490 -1408.0283 -1406.4635 -1407.4012 -1409.4934 -1411.2456 -1407.9503 -1407.6858 -1407.8449 -1408.2265 -1409.0224 -1406.8672 -1407.8365 -1407.2927 -1404.8932 -1402.8900
