DATA/stromboliDEM.asc
ncols        460
nrows        438
xllcorner    505700.000000000000
yllcorner    4285580.000000000000
cellsize     50.000000000000
NODATA_value  -9999
[rows 171 to 189 of 438, columns 129 to 171 of 460]
-1712.25 -1706.760009765625 -1694.530029296875 -1693.8599853515625 -1680.8299560546875 -1677.6300048828125 -1672.6800537109375 -1665.489990234375 -1650.7099609375 -1647.739990234375 -1639.6199951171875 -1633.68994140625 -1622.1400146484375 -1615.22998046875 -1605.3299560546875 -1600.25 -1591.949951171875 -1583.4300537109375 -1575.75 -1567.989990234375 -1558.6300048828125 -1549.219970703125 -1541.6700439453125 -1537.0400390625 -1529.3399658203125 -1525.8399658203125 -1517.550048828125 -1512.5 -1503.989990234375 -1498.260009765625 -1490.9100341796875 -1487.780029296875 -1477.3900146484375 -1471.4100341796875 -1465.469970703125 -1459.0899658203125 -1452.699951171875 -1454.760009765625 -1453.8599853515625 -1455.8800048828125 -1455.719970703125 -1452.219970703125 -1452.1300048828125
-1716.239990234375 -1707.1099853515625 -1696.97998046875 -1688.93994140625 -1682.6300048828125 -1677.5 -1670.9599609375 -1659.8499755859375 -1651.5799560546875 -1643.530029296875 -1636.1099853515625 -1631.0699462890625 -1621.5899658203125 -1614.239990234375 -1604.97998046875 -1599.699951171875 -1588.47998046875 -1583.949951171875 -1574.0699462890625 -1564.8599853515625 -1553.6199951171875 -1551.6400146484375 -1541.5799560546875 -1535.8699951171875 -1527.510009765625 -1522.6500244140625 -1510.5699462890625 -1507.2099609375 -1496.530029296875 -1492.449951171875 -1484.2099609375 -1479.4599609375 -1469.6800537109375 -1466.77001953125 -1454.8399658203125 -1451.010009765625 -1445.9100341796875 -1441.449951171875 -1440.72998046875 -1442.1099853515625 -1440.1300048828125 -1437.6400146484375 -1441.5899658203125
-1718.0699462890625 -1711 -1700.77001953125 -1693.3199462890625 -1684.699951171875 -1676.52001953125 -1668.8399658203125 -1661.3900146484375 -1650.2099609375 -1643.4300537109375 -1636.1600341796875 -1628.6800537109375 -1621.989990234375 -1615.2900390625 -1601.5400390625 -1594.97998046875 -1587.18994140625 -1583.030029296875 -1571.5 -1562.8399658203125 -1552.4300537109375 -1547.9599609375 -1538.469970703125 -1536.22998046875 -1525.02001953125 -1520.8399658203125 -1508.8699951171875 -1504.6400146484375 -1493.6300048828125 -1487.68994140625 -1481.9100341796875 -1474.22998046875 -1465.7099609375 -1461.18994140625 -1449.6400146484375 -1446.7900390625 -1440.6700439453125 -1432.8699951171875 -1430.6500244140625 -1431.5 -1429.550048828125 -1428.06005859375 -1430.550048828125
-1719.8499755859375 -1712.43994140625 -1702.9200439453125 -1695.280029296875 -1682.7900390625 -1680.3299560546875 -1668.010009765625 -1661.75 -1650.989990234375 -1646.3900146484375 -1635.3699951171875 -1631 -1618.5799560546875 -1612.8499755859375 -1601.52001953125 -1591.7099609375 -1585.949951171875 -1576.9100341796875 -1569.0400390625 -1562.9200439453125 -1551.469970703125 -1545.5799560546875 -1534.530029296875 -1530.9000244140625 -1521.1099853515625 -1515.9000244140625 -1509.6400146484375 -1499.969970703125 -1492.510009765625 -1482.72998046875 -1476.2900390625 -1469.510009765625 -1457.6400146484375 -1452.2099609375 -1448.1199951171875 -1436.25 -1430.5899658203125 -1424.3599853515625 -1418.5899658203125 -1419.02001953125 -1415.8599853515625 -1414.219970703125 -1419.18994140625
-1719.510009765625 -1713.43994140625 -1702.9000244140625 -1695.1199951171875 -1684.4000244140625 -1678.739990234375 -1668.52001953125 -1661.9300537109375 -1654.800048828125 -1643.18994140625 -1632.6800537109375 -1627.3900146484375 -1619.989990234375 -1611.18994140625 -1602.1600341796875 -1592.1300048828125 -1582.260009765625 -1576.719970703125 -1568.5999755859375 -1561.280029296875 -1552.719970703125 -1543.47998046875 -1534.5699462890625 -1528.1500244140625 -1522.3699951171875 -1511.3599853515625 -1503.969970703125 -1499.0400390625 -1490.010009765625 -1479.6300048828125 -1473.2099609375 -1467.800048828125 -1457.6300048828125 -1450.260009765625 -1441.6099853515625 -1433.0899658203125 -1424.719970703125 -1419.6800537109375 -1414.010009765625 -1413.1199951171875 -1408.22998046875 -1406.9300537109375 -1408.8299560546875
-1718.9000244140625 -1713.280029296875 -1703.25 -1693.760009765625 -1684.949951171875 -1679.9100341796875 -1669.1800537109375 -1663.06005859375 -1654.43994140625 -1646.530029296875 -1630.5999755859375 -1625.699951171875 -1618.7099609375 -1612.489990234375 -1598.0999755859375 -1590.6700439453125 -1583.3800048828125 -1577.6099853515625 -1565.6400146484375 -1561.8699951171875 -1551.6300048828125 -1540.0799560546875 -1530.3900146484375 -1525.4599609375 -1518.699951171875 -1508.300048828125 -1499.5 -1495.4000244140625 -1485.93994140625 -1475.449951171875 -1466.3199462890625 -1462.8199462890625 -1452.47998046875 -1444.6800537109375 -1436.5 -1430.3299560546875 -1416.18994140625 -1411.9200439453125 -1407.52001953125 -1401.3900146484375 -1396.8499755859375 -1396.8800048828125 -1394.219970703125
-1717.9599609375 -1712.0699462890625 -1704.3900146484375 -1695.800048828125 -1685.0899658203125 -1679.800048828125 -1668.47998046875 -1662.0699462890625 -1652.780029296875 -1643.949951171875 -1630.280029296875 -1625.989990234375 -1614.9100341796875 -1607.699951171875 -1598.800048828125 -1591.989990234375 -1577.0799560546875 -1574.02001953125 -1561.6300048828125 -1555.5899658203125 -1546.510009765625 -1536.6800537109375 -1527.81005859375 -1523.739990234375 -1514.1400146484375 -1509.1099853515625 -1497.989990234375 -1489.5799560546875 -1482.510009765625 -1475.1300048828125 -1466.6099853515625 -1458.1800537109375 -1447.8499755859375 -1442.43994140625 -1431.81005859375 -1424.489990234375 -1414.239990234375 -1407.1600341796875 -1398.6300048828125 -1395.31005859375 -1390.739990234375 -1386.4000244140625 -1386.8900146484375
-1715.6800537109375 -1710.6300048828125 -1701.699951171875 -1695.0999755859375 -1683.18994140625 -1678.0999755859375 -1666.449951171875 -1658.77001953125 -1647.800048828125 -1641.4599609375 -1630.800048828125 -1627.3199462890625 -1615.199951171875 -1608.489990234375 -1597.0999755859375 -1588.280029296875 -1576.9000244140625 -1568.9200439453125 -1559.780029296875 -1553.1800537109375 -1545.0999755859375 -1533.4599609375 -1525 -1523.1400146484375 -1512.530029296875 -1505 -1491.6400146484375 -1487.989990234375 -1480.9599609375 -1475.3800048828125 -1459.5999755859375 -1452.030029296875 -1446.510009765625 -1439.280029296875 -1428.06005859375 -1421.5 -1409.3299560546875 -1400.22998046875 -1392.5899658203125 -1385.5799560546875 -1382.4000244140625 -1378.18994140625 -1372.8800048828125
-1714.4100341796875 -1709.4599609375 -1699.1099853515625 -1692.8399658203125 -1682.3900146484375 -1675.52001953125 -1665.1300048828125 -1656.5999755859375 -1645.530029296875 -1639.3299560546875 -1630.1700439453125 -1625.3599853515625 -1616.0999755859375 -1606.97998046875 -1600.1099853515625 -1589.9000244140625 -1576.8399658203125 -1566.97998046875 -1560.7900390625 -1551.239990234375 -1543.3399658203125 -1532.2900390625 -1519.8599853515625 -1511.8900146484375 -1506.56005859375 -1500.699951171875 -1489.699951171875 -1485.3199462890625 -1473.5999755859375 -1469.47998046875 -1458.6400146484375 -1453.18994140625 -1445.1700439453125 -1438.489990234375 -1422.4100341796875 -1418.8399658203125 -1409 -1396.260009765625 -1390.8499755859375 -1380.8199462890625 -1376.6800537109375 -1374.4000244140625 -1370.5
-1710.760009765625 -1706.1500244140625 -1696.5999755859375 -1689.030029296875 -1679.52001953125 -1675.1800537109375 -1664.22998046875 -1655.5999755859375 -1644.1099853515625 -1637.4100341796875 -1628.02001953125 -1623.199951171875 -1610.550048828125 -1602.760009765625 -1592.3499755859375 -1585.010009765625 -1574.31005859375 -1567.0799560546875 -1555.22998046875 -1548.489990234375 -1537.25 -1528.3699951171875 -1516.780029296875 -1511.7099609375 -1506.1800537109375 -1497.1500244140625 -1486.489990234375 -1477.5699462890625 -1468.0699462890625 -1464.6800537109375 -1456.0400390625 -1447.8900146484375 -1441.4000244140625 -1428.989990234375 -1417.18994140625 -1412.1099853515625 -1406.6300048828125 -1393.5999755859375 -1383.550048828125 -1375.5899658203125 -1369.219970703125 -1366.72998046875 -1355.1500244140625
-1710.5 -1703.6600341796875 -1692.47998046875 -1685.8900146484375 -1676.22998046875 -1670.93994140625 -1662.4100341796875 -1653.1300048828125 -1642.3499755859375 -1636.8800048828125 -1625.3299560546875 -1620.9200439453125 -1610.300048828125 -1601.5799560546875 -1590.2900390625 -1585.31005859375 -1573.719970703125 -1567.1500244140625 -1556.52001953125 -1547.06005859375 -1537.1700439453125 -1525.6400146484375 -1515.3299560546875 -1510.5699462890625 -1504.0999755859375 -1494.72998046875 -1486.1800537109375 -1478.300048828125 -1466.52001953125 -1462.72998046875 -1453.530029296875 -1443.47998046875 -1435.5899658203125 -1427.5699462890625 -1415.9000244140625 -1410.77001953125 -1404.5799560546875 -1391.3199462890625 -1381.97998046875 -1377.0999755859375 -1367.8900146484375 -1364.719970703125 -1355.4000244140625
-1705.4100341796875 -1699.5400390625 -1688.8199462890625 -1681.5400390625 -1674.2099609375 -1670.3800048828125 -1659.5799560546875 -1650.6400146484375 -1639.550048828125 -1633.47998046875 -1625.530029296875 -1620.1700439453125 -1608.8199462890625 -1601.4200439453125 -1588.68994140625 -1582.6700439453125 -1572.510009765625 -1567.300048828125 -1552.6800537109375 -1547.8499755859375 -1531.3800048828125 -1525.52001953125 -1515.030029296875 -1508.260009765625 -1499.1099853515625 -1493.22998046875 -1484 -1472.5899658203125 -1463.6800537109375 -1456.8199462890625 -1447.8199462890625 -1441.72998046875 -1429.260009765625 -1423.97998046875 -1410.8599853515625 -1406.06005859375 -1395.2900390625 -1388.050048828125 -1376.52001953125 -1371.1800537109375 -1357.239990234375 -1355 -1354.050048828125
-1703.8599853515625 -1696.18994140625 -1688.010009765625 -1683.18994140625 -1673.68994140625 -1668.699951171875 -1656.9200439453125 -1650.3699951171875 -1637.77001953125 -1630.1400146484375 -1619.760009765625 -1615.449951171875 -1608.8699951171875 -1600.97998046875 -1590.510009765625 -1581.6700439453125 -1571.75 -1565.8800048828125 -1549.7900390625 -1544.0999755859375 -1530.25 -1523.030029296875 -1512.0699462890625 -1508.6300048828125 -1498 -1489.050048828125 -1482.3499755859375 -1471.1600341796875 -1461.75 -1454.68994140625 -1442.3199462890625 -1438.43994140625 -1426.530029296875 -1417.199951171875 -1408.18994140625 -1402.6199951171875 -1394.3499755859375 -1386.2099609375 -1371.5999755859375 -1363.550048828125 -1354.3499755859375 -1349.030029296875 -1344.8499755859375
-1700.260009765625 -1697.4300537109375 -1688.3499755859375 -1677.93994140625 -1671.239990234375 -1666.6300048828125 -1657.510009765625 -1648.3499755859375 -1637.1500244140625 -1625.72998046875 -1618.030029296875 -1612.5999755859375 -1602.6199951171875 -1597.199951171875 -1590 -1580.300048828125 -1570.27001953125 -1565.9300537109375 -1551.3599853515625 -1541.469970703125 -1529.68994140625 -1522.5699462890625 -1510.5400390625 -1505.280029296875 -1491.760009765625 -1484.1500244140625 -1474.0400390625 -1466.719970703125 -1454.3399658203125 -1450.1400146484375 -1435.6700439453125 -1428.8900146484375 -1418.06005859375 -1414.31005859375 -1402.3399658203125 -1396.8299560546875 -1390.239990234375 -1382.5899658203125 -1364.739990234375 -1360.9100341796875 -1349.6600341796875 -1341.1400146484375 -1336.1500244140625
-1700.6600341796875 -1693.1199951171875 -1682.22998046875 -1675.3599853515625 -1669.300048828125 -1665.0400390625 -1655.3199462890625 -1645.5899658203125 -1636.72998046875 -1628.510009765625 -1617.949951171875 -1612.06005859375 -1603.0699462890625 -1592.3399658203125 -1586.4100341796875 -1579.1500244140625 -1567.800048828125 -1562.72998046875 -1551.47998046875 -1542.72998046875 -1530.3699951171875 -1521.699951171875 -1506.6400146484375 -1500.989990234375 -1493.530029296875 -1482.6700439453125 -1471.22998046875 -1470.969970703125 -1451.1400146484375 -1444.52001953125 -1435.1099853515625 -1428.1400146484375 -1415.0699462890625 -1412.6500244140625 -1399.2900390625 -1394.3900146484375 -1388.219970703125 -1379.780029296875 -1361.47998046875 -1355.72998046875 -1349.4300537109375 -1343.239990234375 -1333.5699462890625
-1698.1400146484375 -1690.8800048828125 -1681.9300537109375 -1675.56005859375 -1664.5999755859375 -1660.760009765625 -1654 -1645.760009765625 -1634.6700439453125 -1628.3699951171875 -1617.4599609375 -1612.75 -1602.31005859375 -1592.0400390625 -1582.6199951171875 -1576.3399658203125 -1566.1800537109375 -1557.8900146484375 -1549.510009765625 -1542.449951171875 -1531.0999755859375 -1521.75 -1510.0799560546875 -1500.8399658203125 -1493.72998046875 -1485.9200439453125 -1467.050048828125 -1461.5999755859375 -1454.1199951171875 -1445.3800048828125 -1430.800048828125 -1421.9300537109375 -1417.1600341796875 -1404.550048828125 -1392.06005859375 -1388.1300048828125 -1381.77001953125 -1371.3800048828125 -1362.010009765625 -1351.550048828125 -1341.31005859375 -1334.699951171875 -1325.1800537109375
-1697 -1690.75 -1681.760009765625 -1674.489990234375 -1664.489990234375 -1658.280029296875 -1653.010009765625 -1645.3199462890625 -1635.550048828125 -1627.949951171875 -1617.449951171875 -1612.02001953125 -1600.550048828125 -1593.6300048828125 -1581.3800048828125 -1575.8499755859375 -1564.280029296875 -1557.760009765625 -1548.0899658203125 -1540.4200439453125 -1527.52001953125 -1519.8399658203125 -1507.27001953125 -1502.4599609375 -1493.550048828125 -1479.3800048828125 -1463.43994140625 -1460.2900390625 -1449.3499755859375 -1442.8199462890625 -1432.22998046875 -1422.5 -1415.77001953125 -1403.1800537109375 -1390.8199462890625 -1386.97998046875 -1380.68994140625 -1371.6800537109375 -1361.260009765625 -1348.8499755859375 -1337.68994140625 -1333.3299560546875 -1322.9100341796875
-1697.8800048828125 -1690.9599609375 -1680.27001953125 -1672.9100341796875 -1664.1800537109375 -1660.949951171875 -1650.8900146484375 -1643.8599853515625 -1632.9000244140625 -1625.780029296875 -1616.06005859375 -1610.5 -1598.6600341796875 -1592.3699951171875 -1584.72998046875 -1573.52001953125 -1563.1800537109375 -1559.239990234375 -1544.0899658203125 -1539.4000244140625 -1527.030029296875 -1518.4300537109375 -1504.050048828125 -1498.5799560546875 -1488.9300537109375 -1482.3900146484375 -1467.0999755859375 -1460.6400146484375 -1447.31005859375 -1441.4300537109375 -1430.1199951171875 -1419.8900146484375 -1413.280029296875 -1400.699951171875 -1390.4100341796875 -1384.6600341796875 -1374.72998046875 -1366.5400390625 -1353.06005859375 -1344.18994140625 -1336.489990234375 -1329.4200439453125 -1315.6300048828125
-1698.3800048828125 -1690.449951171875 -1683.449951171875 -1677.199951171875 -1668.3399658203125 -1661.550048828125 -1652.43994140625 -1644.0799560546875 -1630.969970703125 -1624.9100341796875 -1616.280029296875 -1611.719970703125 -1599.1700439453125 -1590.699951171875 -1578.5699462890625 -1570.3499755859375 -1564.2900390625 -1559.5 -1548.1199951171875 -1540.300048828125 -1525.27001953125 -1516.9100341796875 -1503.3399658203125 -1497.9300537109375 -1482.27001953125 -1473.6600341796875 -1462.9000244140625 -1456.1500244140625 -1442.47998046875 -1438.5699462890625 -1429.27001953125 -1419.2099609375 -1408.4000244140625 -1400.719970703125 -1389.4200439453125 -1382.489990234375 -1370.1199951171875 -1364.93994140625 -1349.449951171875 -1343.1700439453125 -1331.8199462890625 -1325.760009765625 -1314.8399658203125
