DATA/stromboliDEM.asc
ncols        460
nrows        438
xllcorner    505700.000000000000
yllcorner    4285580.000000000000
cellsize     50.000000000000
NODATA_value  -9999
[rows 266 to 284 of 438, columns 258 to 300 of 460]
674.406982421875 718.155029296875 730.958984375 783.61700439453125 776.739990234375 751.20501708984375 730.18499755859375 697.41900634765625 681.03900146484375 655.86199951171875 646.86700439453125 613.823974609375 590.62799072265625 561.375 543.9119873046875 515.7979736328125 498.037994384765625 469.769989013671875 453.53900146484375 434.751007080078125 416.9580078125 391.77899169921875 375.605010986328125 352.0260009765625 329.709991455078125 309.415008544921875 291.5050048828125 264.837005615234375 246.9290008544921875 217.811004638671875 199.3939971923828125 179.5540008544921875 172.6719970703125 158.4510040283203125 139.764007568359375 108.66300201416015625 90.052001953125 69.0149993896484375 50.86299896240234375 10.149000167846679688 0.93500000238418579102 -3.2630000114440917969 -8.5780000686645507812
710.0999755859375 734.4730224609375 739.01202392578125 783.36602783203125 793.3060302734375 763.885986328125 744.1099853515625 721.71600341796875 702.1939697265625 682.0770263671875 669.1409912109375 623.4210205078125 602.958984375 575.97198486328125 558.83599853515625 527.8499755859375 508.371002197265625 481.4320068359375 464.72100830078125 439.35400390625 423.7080078125 398.748992919921875 382.967010498046875 358.42999267578125 334.946014404296875 309.709991455078125 295.764007568359375 265.490997314453125 245.623992919921875 225.03900146484375 213.4539947509765625 192.0890045166015625 176.4069976806640625 154.6300048828125 124.7440032958984375 85.59999847412109375 68.0059967041015625 46.462001800537109375 27.19499969482421875 1.3329999446868896484 0 -12.795000076293945312 -24.094999313354492188
746.10601806640625 761.10498046875 764.010009765625 778.15399169921875 796.26397705078125 800.969970703125 780.97698974609375 767.08697509765625 746.1610107421875 701.9219970703125 687.22802734375 658.9749755859375 641.3060302734375 608.7030029296875 585.2039794921875 553.551025390625 531.2769775390625 498.493011474609375 477.917999267578125 446.209014892578125 428.4530029296875 404.0369873046875 387.256011962890625 365.006988525390625 343.417999267578125 314.50201416015625 297.843994140625 249.6540069580078125 226.4799957275390625 191.69500732421875 172.6710052490234375 157.5070037841796875 155.5879974365234375 153.44000244140625 138.759002685546875 108.40200042724609375 89.8280029296875 51.0540008544921875 16.618999481201171875 0 -6.1350002288818359375 -31.350999832153320312 -42.17800140380859375
768.43402099609375 784.22900390625 786.9110107421875 797.85302734375 811.10198974609375 820.2550048828125 812.3599853515625 781.46099853515625 758.5980224609375 723.83502197265625 699.62799072265625 668.99102783203125 647.00201416015625 613.87200927734375 591.989013671875 561.64501953125 535.04498291015625 497.0159912109375 475.566986083984375 446.010009765625 427.70098876953125 403.842987060546875 388.092010498046875 363.019989013671875 343.407989501953125 314.802001953125 290.74798583984375 235.78399658203125 209.714996337890625 174.6699981689453125 152.6349945068359375 128.7100067138671875 125.6620025634765625 125.14499664306640625 132.147003173828125 101.26799774169921875 78.4530029296875 45.783000946044921875 1.9199999570846557617 -3.5280001163482666016 -14.522999763488769531 -41.620998382568359375 -51.91500091552734375
808.343994140625 820.89697265625 824.41802978515625 834.39599609375 844.03997802734375 851.072021484375 827.76702880859375 788.54498291015625 761.99298095703125 716.51800537109375 688.5479736328125 656.24700927734375 632.78802490234375 601.3289794921875 580.68499755859375 548.1090087890625 532.4310302734375 496.678985595703125 471.48199462890625 445.94500732421875 424.345001220703125 393.014007568359375 371.6099853515625 349.222991943359375 335.12200927734375 309.545013427734375 294.82598876953125 252.5460052490234375 222.430999755859375 185.2220001220703125 160.686004638671875 127.457000732421875 98.7030029296875 76.1790008544921875 86.67299652099609375 68.72100067138671875 55.05300140380859375 9.1850004196166992188 0 -9.0159997940063476562 -24.364000320434570312 -50.5019989013671875 -72.52300262451171875
836.15802001953125 846.77801513671875 849.60699462890625 859.76202392578125 867.6610107421875 850.53900146484375 824.01300048828125 779.8499755859375 748.84100341796875 710.3699951171875 685.98602294921875 650.69000244140625 627.11798095703125 593.969970703125 572.4210205078125 540.697021484375 518.9229736328125 489.0830078125 473.680999755859375 439.36199951171875 420.66900634765625 388.308990478515625 366.57501220703125 330.4849853515625 309.77301025390625 283.2650146484375 269.795013427734375 265.6199951171875 251.2910003662109375 212.8800048828125 182.8470001220703125 153.8690032958984375 118.72499847412109375 79.9160003662109375 54.8769989013671875 47.743999481201171875 30.738000869750976562 0.79199999570846557617 -2.6349999904632568359 -22.940999984741210938 -38.313999176025390625 -57.60900115966796875 -79.14499664306640625
877.760986328125 883.52801513671875 876.4110107421875 858.89398193359375 843.47998046875 824.27899169921875 796.30902099609375 742.05499267578125 714.40301513671875 680.718994140625 670.51702880859375 647.8289794921875 633.35302734375 597.00701904296875 571.6519775390625 534.45697021484375 512.8809814453125 482.160003662109375 460.326995849609375 429.532989501953125 410.9320068359375 375.6400146484375 368.428985595703125 336.24200439453125 304.96099853515625 249.7140045166015625 224.0879974365234375 220.4210052490234375 218.2100067138671875 199.2769927978515625 179.8419952392578125 166.6880035400390625 149.5720062255859375 105.2180023193359375 86.7350006103515625 46.20800018310546875 20.761999130249023438 0 -11.0839996337890625 -36.551998138427734375 -50.702999114990234375 -83.8809967041015625 -100.47699737548828125
904.56402587890625 882.09100341796875 858.45501708984375 841.52197265625 821.66900634765625 795.04498291015625 785.905029296875 732.64202880859375 703.2440185546875 652.46002197265625 635.802001953125 614.5670166015625 596.23199462890625 565.21197509765625 546.9520263671875 511.65899658203125 496.3590087890625 468.480010986328125 458.9530029296875 429.2139892578125 407.15399169921875 368.85400390625 339.906005859375 321.2869873046875 273.342987060546875 236.313995361328125 208.899993896484375 185.968994140625 188.9470062255859375 191.2469940185546875 166.802001953125 140.70599365234375 138.38800048828125 115.57700347900390625 94.154998779296875 38.687000274658203125 8.7810001373291015625 -4.1570000648498535156 -13.593999862670898438 -41.561000823974609375 -58.2949981689453125 -99.08899688720703125 -123.48400115966796875
884.1619873046875 857.52099609375 851.510986328125 802.822998046875 778.02801513671875 741.5050048828125 716.25701904296875 682.94598388671875 663.322998046875 626.1669921875 605.91497802734375 576.531005859375 556.08099365234375 525.44598388671875 507.420013427734375 480.813995361328125 464.947998046875 444.962005615234375 427.57000732421875 398.610992431640625 379.31201171875 347.467010498046875 325.769989013671875 277.68499755859375 233.5679931640625 204.0630035400390625 186.8179931640625 156.16400146484375 133.7239990234375 137.33099365234375 156.4369964599609375 126.95099639892578125 97.072998046875 80.53900146484375 57.3470001220703125 15.894000053405761719 0 -8.0229997634887695312 -20.169000625610351562 -43.673000335693359375 -61.5670013427734375 -89.35399627685546875 -116.072998046875
869.0679931640625 836.00201416015625 842.83697509765625 790.96002197265625 758.2919921875 725.22601318359375 703.1669921875 669.04998779296875 646.4840087890625 612.0999755859375 591.25701904296875 562.91497802734375 543.4580078125 513.26898193359375 494.85400390625 467.915985107421875 447.7030029296875 432.451995849609375 419.441009521484375 372.47198486328125 336.605987548828125 331.92498779296875 311.3280029296875 260.024993896484375 218.2339935302734375 180.94000244140625 160.4980010986328125 139.2140045166015625 118.3209991455078125 106.621002197265625 121.18900299072265625 110.53800201416015625 69.71600341796875 44.688999176025390625 24.0970001220703125 0 -3.0339999198913574219 -15.923999786376953125 -33.51200103759765625 -50.51599884033203125 -64.9290008544921875 -85.08300018310546875 -97.53600311279296875
853.29498291015625 816.19500732421875 792.47601318359375 760.5040283203125 738.52398681640625 705.7239990234375 684.1400146484375 651.82000732421875 629.71600341796875 596.8900146484375 574.81500244140625 543.86602783203125 525.1300048828125 495.503997802734375 473.14300537109375 448.042999267578125 432.531005859375 400.415008544921875 328.35101318359375 299.6510009765625 280.746002197265625 271.355010986328125 294.76300048828125 269.576995849609375 242.8509979248046875 166.0959930419921875 139.4530029296875 102.95099639892578125 90.897003173828125 71.01599884033203125 61.19699859619140625 60.645000457763671875 38.94499969482421875 1.131999969482421875 0 -6.2480001449584960938 -10.781999588012695312 -32.58599853515625 -48.992000579833984375 -71.37400054931640625 -79.91100311279296875 -76.60199737548828125 -81.878997802734375
845.24200439453125 809.71002197265625 782.14501953125 750.61602783203125 729.79998779296875 697.87799072265625 676.344970703125 642 620.66900634765625 588.22998046875 566.20599365234375 534.15399169921875 513.2449951171875 483.957000732421875 465.22100830078125 420.364013671875 379.8800048828125 338.17498779296875 311.266998291015625 277.105987548828125 255.3589935302734375 235.6510009765625 252.85400390625 246.2429962158203125 234.5070037841796875 165.83599853515625 135.6820068359375 94.29199981689453125 72.5970001220703125 58.7050018310546875 39.83499908447265625 25.792999267578125 5.3619999885559082031 0 -5.3470001220703125 -16.593000411987304688 -30.308000564575195312 -49.856998443603515625 -63.463001251220703125 -89.47100067138671875 -94.55699920654296875 -87.8300018310546875 -88.61499786376953125
824.81500244140625 790.39801025390625 766.8270263671875 735.760009765625 716.6500244140625 686.9439697265625 666.05999755859375 634.49298095703125 612.5880126953125 579.56402587890625 557.468994140625 524.1190185546875 502.105010986328125 467.516998291015625 444.631011962890625 412.6610107421875 366.678009033203125 325.040008544921875 297.60400390625 260.058990478515625 237.4969940185546875 207.1569976806640625 188.378997802734375 163.6829986572265625 162.503997802734375 147.66400146484375 149.6620025634765625 94.7740020751953125 57.60900115966796875 34.716999053955078125 17.785999298095703125 0 -1.9179999828338623047 -14.961000442504882812 -25.645999908447265625 -45.05899810791015625 -60.143001556396484375 -81.17800140380859375 -91.71700286865234375 -120.0930023193359375 -119.3860015869140625 -101.46600341796875 -103.5780029296875
846.531982421875 787.6240234375 762.41400146484375 729.10601806640625 709.47698974609375 680.7869873046875 661.37799072265625 630.48797607421875 609.36297607421875 577.947998046875 556.81500244140625 522.68902587890625 501.394989013671875 469.1619873046875 447.316986083984375 403.915985107421875 359.339996337890625 320.46099853515625 294.381011962890625 256.45001220703125 232.714996337890625 199.649993896484375 179.477996826171875 145.253997802734375 131.4279937744140625 127.13500213623046875 110.59999847412109375 90.352996826171875 53.590999603271484375 17.643999099731445312 1.8140000104904174805 -2.4600000381469726562 -11.607000350952148438 -35.564998626708984375 -48.073001861572265625 -59.019001007080078125 -77.32599639892578125 -96.2089996337890625 -112.9929962158203125 -148.3430023193359375 -151.7429962158203125 -132.1190032958984375 -113.12400054931640625
836.5050048828125 790.67498779296875 761.19097900390625 724.35601806640625 702.64501953125 670.97698974609375 651.02099609375 621.94097900390625 603.677978515625 577.822021484375 555.969970703125 527.656982421875 507.595001220703125 471.7239990234375 448.230010986328125 388.730987548828125 357.5780029296875 317.691009521484375 292.26800537109375 253.876007080078125 228.7610015869140625 193.886993408203125 172.1540069580078125 141.238006591796875 117.93599700927734375 79.7089996337890625 65.87999725341796875 44.26599884033203125 24.55699920654296875 1.7159999608993530273 0 -16.297000885009765625 -34.1269989013671875 -56.069000244140625 -68.6920013427734375 -84.1999969482421875 -95.70999908447265625 -116.77100372314453125 -131.86199951171875 -176.8650054931640625 -199.4579925537109375 -204.7480010986328125 -200.5189971923828125
840.468994140625 789.63702392578125 759.2760009765625 720.35302734375 697.1729736328125 665.698974609375 645.53900146484375 614.926025390625 594.48797607421875 566.61199951171875 548.031982421875 519.48797607421875 501.10400390625 473.1619873046875 446.917999267578125 411.779998779296875 370.70599365234375 328.131011962890625 296.652008056640625 246.7949981689453125 228.3849945068359375 194.88800048828125 168.0800018310546875 133.0800018310546875 109.694000244140625 75.45400238037109375 54.134998321533203125 23.795999526977539062 10.748000144958496094 0.77300000190734863281 -2.9769999980926513672 -26.694000244140625 -45.34600067138671875 -67.36100006103515625 -83.7760009765625 -98.64099884033203125 -109.7239990234375 -144.561004638671875 -155.647003173828125 -190.3480072021484375 -215.569000244140625 -232.94500732421875 -235.0160064697265625
841.66302490234375 794.66900634765625 755.656982421875 717.3800048828125 693.15802001953125 658.8690185546875 636.9429931640625 605.47900390625 584.7960205078125 553.25201416015625 532.1309814453125 506.717010498046875 492.980987548828125 471.49798583984375 452.808990478515625 422.433013916015625 402.743988037109375 372.60101318359375 352.30999755859375 277.8070068359375 247.44500732421875 201.1060028076171875 174.7050018310546875 161.404998779296875 130.139007568359375 76.3639984130859375 47.0709991455078125 15.512999534606933594 5.0510001182556152344 0 -11.968000411987304688 -41.898998260498046875 -59.480998992919921875 -81 -99.73799896240234375 -121.92600250244140625 -136.4680023193359375 -169.6020050048828125 -188.550994873046875 -213.871002197265625 -231.180999755859375 -252.1199951171875 -265.308990478515625
844.87200927734375 789.8480224609375 759.156982421875 720.333984375 696.3709716796875 660.4949951171875 636.45501708984375 602.802001953125 580.4329833984375 546.73297119140625 522.83502197265625 485.618011474609375 466.52398681640625 427.147003173828125 442.14599609375 424.506011962890625 413.39898681640625 375.53399658203125 349.14599609375 309.506988525390625 285.647003173828125 253.677001953125 225.6529998779296875 148.4019927978515625 118.18399810791015625 74.615997314453125 44.908000946044921875 16.677999496459960938 1.4190000295639038086 -4.4739999771118164062 -23.670000076293945312 -51.729000091552734375 -67.48600006103515625 -90.77500152587890625 -107.345001220703125 -131.75 -146.1719970703125 -170.464996337890625 -190.110992431640625 -216.811004638671875 -233.7920074462890625 -258.696990966796875 -272.8599853515625
825.552001953125 795.88397216796875 764.58502197265625 728.594970703125 710.447021484375 675.22698974609375 649.59100341796875 614.3800048828125 590.0040283203125 550.21002197265625 530.92999267578125 464.593994140625 430.743011474609375 397.44500732421875 375.636993408203125 346.891998291015625 330.282012939453125 346.165008544921875 356.54400634765625 314.928009033203125 277.399993896484375 223.3159942626953125 208.6880035400390625 173.162994384765625 144.1349945068359375 83.83100128173828125 56.629001617431640625 10.498000144958496094 0 -15.237999916076660156 -35.657001495361328125 -62.323001861572265625 -79.444000244140625 -103.9629974365234375 -117.53600311279296875 -141.600006103515625 -157.97900390625 -180.4940032958984375 -193.680999755859375 -217.3910064697265625 -234.535003662109375 -261.915008544921875 -279.881011962890625
