DATA/stromboliDEM.asc
ncols        460
nrows        438
xllcorner    505700.000000000000
yllcorner    4285580.000000000000
cellsize     50.000000000000
NODATA_value  -9999
[rows 190 to 208 of 438, columns 344 to 386 of 460]
-469.019989013671875 -473.57000732421875 -469.79998779296875 -455.6300048828125 -445.1400146484375 -456.45001220703125 -485.45001220703125 -499.899993896484375 -528.6199951171875 -548.20001220703125 -562.40997314453125 -570.32000732421875 -566.30999755859375 -561.3699951171875 -580.3699951171875 -583.41998291015625 -586.9000244140625 -603.28997802734375 -613.55999755859375 -624.989990234375 -642.82000732421875 -657.5 -682.8699951171875 -704.780029296875 -729.530029296875 -741.25 -761.71002197265625 -775.95001220703125 -795.15997314453125 -811.489990234375 -831.27001953125 -850.90997314453125 -881.010009765625 -906.8900146484375 -950.760009765625 -970.07000732421875 -997.28997802734375 -1009.09002685546875 -1031.0400390625 -1045.56005859375 -1062.8299560546875 -1077.9200439453125 -1096.530029296875
-448.269989013671875 -449.779998779296875 -446.829986572265625 -421.25 -421.260009765625 -441.95001220703125 -471.19000244140625 -483.80999755859375 -513.1400146484375 -520.95001220703125 -541.27001953125 -554.82000732421875 -546.219970703125 -549.83001708984375 -561.33001708984375 -568.08001708984375 -575.5 -584.719970703125 -607.03997802734375 -620.04998779296875 -642.47998046875 -662.239990234375 -690.8499755859375 -706.71002197265625 -734.59002685546875 -746.739990234375 -768.1099853515625 -787.969970703125 -796.02001953125 -811.3499755859375 -837.72998046875 -865.8599853515625 -893.22998046875 -930.15997314453125 -956.82000732421875 -974.90997314453125 -997.6099853515625 -1007.96002197265625 -1026.8800048828125 -1041.449951171875 -1059.9000244140625 -1073.989990234375 -1091.3599853515625
-412.17999267578125 -403.82000732421875 -398.790008544921875 -384.42999267578125 -391.279998779296875 -410.92999267578125 -453.82000732421875 -468.07000732421875 -483.709991455078125 -496.720001220703125 -513.90997314453125 -523.780029296875 -533.05999755859375 -534.1500244140625 -531.91998291015625 -539.47998046875 -552.6099853515625 -574.80999755859375 -604.260009765625 -616.1199951171875 -645.1500244140625 -663.96002197265625 -696.03997802734375 -715.260009765625 -738.96002197265625 -751.58001708984375 -778.469970703125 -796.09002685546875 -823.08001708984375 -839.17999267578125 -870.3800048828125 -889.07000732421875 -916.8599853515625 -933.72998046875 -955.55999755859375 -972.02001953125 -992.46002197265625 -1001.6400146484375 -1020.8800048828125 -1035.4300537109375 -1053.530029296875 -1066.5699462890625 -1084.0899658203125
-396.959991455078125 -388.5 -379.670013427734375 -375.75 -382.350006103515625 -406.709991455078125 -447.529998779296875 -455.709991455078125 -476.20001220703125 -489.69000244140625 -499.489990234375 -512.1400146484375 -518.57000732421875 -522.44000244140625 -522.27001953125 -535.67999267578125 -557.780029296875 -582.6199951171875 -610.09002685546875 -619.6099853515625 -646.8699951171875 -674.489990234375 -699.03997802734375 -718.30999755859375 -744.1400146484375 -760.34002685546875 -782.08001708984375 -800.1199951171875 -825.92999267578125 -851.3900146484375 -882.19000244140625 -895.69000244140625 -918.0999755859375 -932.53997802734375 -954.57000732421875 -967.95001220703125 -987.8900146484375 -999.489990234375 -1016.969970703125 -1031.3699951171875 -1049.43994140625 -1062.6099853515625 -1079.0999755859375
-365.519989013671875 -380.230010986328125 -393.019989013671875 -404.779998779296875 -405.29998779296875 -403.850006103515625 -443.529998779296875 -449.779998779296875 -460.269989013671875 -469 -487.209991455078125 -498.32000732421875 -516.71002197265625 -526.59002685546875 -542.780029296875 -559.030029296875 -581.6199951171875 -593.97998046875 -614.6500244140625 -623.96002197265625 -663.1500244140625 -687.72998046875 -711.54998779296875 -729.530029296875 -756.469970703125 -769.21002197265625 -795.72998046875 -814.29998779296875 -845.1400146484375 -864.05999755859375 -881.3699951171875 -890.30999755859375 -913.04998779296875 -928.34002685546875 -948.16998291015625 -962.92999267578125 -980.71002197265625 -989.760009765625 -1009.90997314453125 -1023.21002197265625 -1041.6300048828125 -1055.72998046875 -1073.3299560546875
-372.6300048828125 -390.519989013671875 -406.760009765625 -424.600006103515625 -442.160003662109375 -455.329986572265625 -464.6400146484375 -464.089996337890625 -467.040008544921875 -478.1300048828125 -480.739990234375 -495.55999755859375 -517.65997314453125 -530.47998046875 -560.3699951171875 -573.96002197265625 -585.6300048828125 -594.30999755859375 -621.1199951171875 -638.16998291015625 -672.22998046875 -695.969970703125 -721.41998291015625 -735.6199951171875 -762.29998779296875 -780.27001953125 -804.489990234375 -821.70001220703125 -841.52001953125 -858.030029296875 -872.82000732421875 -883.530029296875 -903.8900146484375 -923.34002685546875 -941.6500244140625 -956.5999755859375 -975.9000244140625 -985.16998291015625 -1004.54998779296875 -1018.1099853515625 -1035.0999755859375 -1049.550048828125 -1066.02001953125
-381.5 -395.19000244140625 -414.220001220703125 -430.1300048828125 -446.989990234375 -462.769989013671875 -476 -483.579986572265625 -498.8900146484375 -508.410003662109375 -515.6300048828125 -522.83001708984375 -534.75 -539.07000732421875 -558.82000732421875 -576.9000244140625 -588 -600.03997802734375 -622.25 -636.9000244140625 -670.83001708984375 -691.41998291015625 -715.3900146484375 -731.1400146484375 -763.469970703125 -776.84002685546875 -798.16998291015625 -812.27001953125 -828.90997314453125 -852.84002685546875 -869.030029296875 -881.75 -902.530029296875 -919.6500244140625 -933.6300048828125 -948.16998291015625 -967.9000244140625 -978.3900146484375 -995.94000244140625 -1008.780029296875 -1026.3399658203125 -1039.1099853515625 -1056.1300048828125
-384.839996337890625 -394.3800048828125 -417.57000732421875 -432.170013427734375 -447.589996337890625 -460.489990234375 -476.600006103515625 -484.899993896484375 -499.709991455078125 -518.90997314453125 -532.21002197265625 -541.989990234375 -550.97998046875 -555.95001220703125 -569.8900146484375 -582.8699951171875 -597.42999267578125 -611.5999755859375 -637.15997314453125 -639.27001953125 -654.489990234375 -675.5999755859375 -714.66998291015625 -740.34002685546875 -760.969970703125 -771.6300048828125 -793.69000244140625 -806.44000244140625 -829.42999267578125 -851.1099853515625 -871.09002685546875 -881.989990234375 -897.25 -907.94000244140625 -927.8900146484375 -943.30999755859375 -960.65997314453125 -970.16998291015625 -987.280029296875 -1001.08001708984375 -1016.79998779296875 -1027.6300048828125 -1043.5899658203125
-370.529998779296875 -396.339996337890625 -417.529998779296875 -432.75 -448.80999755859375 -458.8599853515625 -473.989990234375 -483.029998779296875 -501.160003662109375 -513.04998779296875 -529.8699951171875 -541.04998779296875 -560.34002685546875 -567.02001953125 -582.8599853515625 -597.25 -605.010009765625 -625.3699951171875 -652.42999267578125 -662.02001953125 -673.66998291015625 -699.21002197265625 -721.969970703125 -737.1199951171875 -755.5999755859375 -766.21002197265625 -782.91998291015625 -796.9000244140625 -812.05999755859375 -827.34002685546875 -844.469970703125 -857.55999755859375 -887.41998291015625 -900.760009765625 -916.55999755859375 -931.08001708984375 -949.1400146484375 -958.0999755859375 -974.34002685546875 -987.0999755859375 -1000.41998291015625 -1006.1300048828125 -1027.8499755859375
-370.910003662109375 -398.839996337890625 -418.079986572265625 -431.3599853515625 -446.3900146484375 -456.399993896484375 -473.420013427734375 -481.32000732421875 -496.75 -507.839996337890625 -522.77001953125 -532.77001953125 -549.6400146484375 -558.94000244140625 -579.67999267578125 -597.94000244140625 -612.53997802734375 -638.58001708984375 -653.219970703125 -663.32000732421875 -685.27001953125 -699.1300048828125 -718.58001708984375 -731.25 -757.47998046875 -762.33001708984375 -773.41998291015625 -782.05999755859375 -797.3499755859375 -819.219970703125 -844.989990234375 -857.260009765625 -878.3800048828125 -893.44000244140625 -910.55999755859375 -923.41998291015625 -941.3900146484375 -948.41998291015625 -966.32000732421875 -979.57000732421875 -992.02001953125 -998.75 -1023.989990234375
-372.709991455078125 -394.209991455078125 -412.089996337890625 -423.709991455078125 -440.67999267578125 -449.899993896484375 -464.94000244140625 -468.45001220703125 -477.850006103515625 -489.54998779296875 -502.6099853515625 -516.75 -533.1099853515625 -550.71002197265625 -573.78997802734375 -587.030029296875 -611.1500244140625 -626.22998046875 -649.510009765625 -656.09002685546875 -675.8499755859375 -689.6199951171875 -709.3900146484375 -720.25 -738.44000244140625 -743.44000244140625 -736.67999267578125 -755.260009765625 -784.469970703125 -805.55999755859375 -835.71002197265625 -845.67999267578125 -865.22998046875 -877.6400146484375 -897.09002685546875 -906 -927.15997314453125 -934.219970703125 -950.91998291015625 -964.30999755859375 -982.989990234375 -995.47998046875 -1005.489990234375
-369.3599853515625 -388.589996337890625 -399.239990234375 -413.329986572265625 -428.230010986328125 -441.1099853515625 -448.579986572265625 -453.489990234375 -468.70001220703125 -479.94000244140625 -494.80999755859375 -509.980010986328125 -532.280029296875 -544.6199951171875 -566.69000244140625 -577.41998291015625 -599.03997802734375 -615.510009765625 -633.66998291015625 -643.010009765625 -660.29998779296875 -675.77001953125 -693.45001220703125 -706.59002685546875 -722.54998779296875 -723.010009765625 -724.97998046875 -758.91998291015625 -789.6400146484375 -805.3499755859375 -822.58001708984375 -834.54998779296875 -853.739990234375 -865.79998779296875 -887.82000732421875 -899.1199951171875 -916.1400146484375 -922.6199951171875 -938.02001953125 -955 -972.47998046875 -979.8599853515625 -980.69000244140625
-351.209991455078125 -371.029998779296875 -373.79998779296875 -392.94000244140625 -412.910003662109375 -420.05999755859375 -429.3800048828125 -436.04998779296875 -451.149993896484375 -465.410003662109375 -482.92999267578125 -499.769989013671875 -523.3900146484375 -531.010009765625 -550.8800048828125 -563.90997314453125 -582.780029296875 -595.22998046875 -612.71002197265625 -624.1400146484375 -643.239990234375 -653.25 -675.82000732421875 -688.489990234375 -702.90997314453125 -709.1199951171875 -727.83001708984375 -753.66998291015625 -776.70001220703125 -791.17999267578125 -809.41998291015625 -821.22998046875 -839.41998291015625 -854.510009765625 -873.46002197265625 -884.32000732421875 -904.239990234375 -909.07000732421875 -928.69000244140625 -935.77001953125 -942.780029296875 -945.1300048828125 -948.08001708984375
-341.399993896484375 -327.05999755859375 -370.989990234375 -384.399993896484375 -394.470001220703125 -404.94000244140625 -415.3900146484375 -422.8599853515625 -440.6300048828125 -451.579986572265625 -476.8699951171875 -494.57000732421875 -513.1199951171875 -521.07000732421875 -539.79998779296875 -553.45001220703125 -571.66998291015625 -585.05999755859375 -606.3800048828125 -614.1400146484375 -630.95001220703125 -644.90997314453125 -662.030029296875 -678.79998779296875 -698.1099853515625 -709.44000244140625 -732.55999755859375 -747.53997802734375 -767.57000732421875 -781.94000244140625 -801.47998046875 -811.04998779296875 -831.42999267578125 -844.3599853515625 -861.989990234375 -877.02001953125 -890.75 -900.58001708984375 -918.3800048828125 -907.3800048828125 -912.15997314453125 -923.79998779296875 -925.97998046875
-301.230010986328125 -325.54998779296875 -350.899993896484375 -362.529998779296875 -373.69000244140625 -384.489990234375 -399.040008544921875 -406.269989013671875 -425.739990234375 -446.600006103515625 -465.510009765625 -481.6199951171875 -497.529998779296875 -507.1300048828125 -525.44000244140625 -538.02001953125 -557.6199951171875 -571.8499755859375 -589.280029296875 -599.22998046875 -619.4000244140625 -633.42999267578125 -653.96002197265625 -667.65997314453125 -688.3499755859375 -700.8499755859375 -720.66998291015625 -736.57000732421875 -755.95001220703125 -770.91998291015625 -791.69000244140625 -801.1300048828125 -819.09002685546875 -831.47998046875 -849.54998779296875 -862.84002685546875 -879.82000732421875 -889.0999755859375 -886.97998046875 -874.25 -886.260009765625 -898.010009765625 -893.52001953125
-292.589996337890625 -311.600006103515625 -341.54998779296875 -350.3599853515625 -366.80999755859375 -377.100006103515625 -388.040008544921875 -399.1400146484375 -423.010009765625 -442 -459.100006103515625 -471.19000244140625 -491.3599853515625 -499.94000244140625 -518.82000732421875 -532.94000244140625 -550.6500244140625 -564.71002197265625 -582.84002685546875 -592.59002685546875 -611.96002197265625 -627.530029296875 -647.989990234375 -663.65997314453125 -683.96002197265625 -695.22998046875 -716.239990234375 -729.69000244140625 -750.30999755859375 -765.77001953125 -785.8499755859375 -794.780029296875 -812.9000244140625 -824.05999755859375 -842.52001953125 -856.19000244140625 -873.1099853515625 -877.09002685546875 -860.77001953125 -854.94000244140625 -869.07000732421875 -875.6400146484375 -871.70001220703125
-255.970001220703125 -291.6099853515625 -317.57000732421875 -334.6400146484375 -346.44000244140625 -355.239990234375 -379.95001220703125 -391.579986572265625 -415.279998779296875 -423.6099853515625 -442.95001220703125 -458.980010986328125 -478.149993896484375 -486.779998779296875 -505.260009765625 -515.3599853515625 -534.6099853515625 -552.20001220703125 -572.3900146484375 -582.969970703125 -603.32000732421875 -618.41998291015625 -639.219970703125 -654.9000244140625 -674.79998779296875 -683.989990234375 -701.739990234375 -715.02001953125 -741.16998291015625 -755.33001708984375 -774.70001220703125 -783.79998779296875 -799.8499755859375 -815.32000732421875 -832.29998779296875 -842.02001953125 -837.1500244140625 -839.0999755859375 -813.82000732421875 -808.530029296875 -824.91998291015625 -834.510009765625 -835.16998291015625
-245.839996337890625 -274.19000244140625 -302.790008544921875 -317.540008544921875 -334.579986572265625 -354.3599853515625 -377.8699951171875 -390.5 -403.69000244140625 -415.290008544921875 -437.730010986328125 -451.089996337890625 -466.20001220703125 -475.94000244140625 -495 -509.3599853515625 -529.3900146484375 -544.47998046875 -565.3800048828125 -575.02001953125 -596.08001708984375 -611.78997802734375 -628.44000244140625 -646.41998291015625 -666.5999755859375 -677.57000732421875 -698.6099853515625 -713.17999267578125 -734.3699951171875 -747.57000732421875 -766.90997314453125 -776.6300048828125 -793.5 -808.030029296875 -816.489990234375 -809.3699951171875 -787.57000732421875 -798.719970703125 -772.1500244140625 -775.8599853515625 -789.739990234375 -796.989990234375 -805.6500244140625
-222.029998779296875 -256.989990234375 -277.30999755859375 -295.480010986328125 -312.989990234375 -339.170013427734375 -366.45001220703125 -372.399993896484375 -391.670013427734375 -406.660003662109375 -426.6400146484375 -437.07000732421875 -453.670013427734375 -465.45001220703125 -483.07000732421875 -501.899993896484375 -521.530029296875 -538.83001708984375 -558.97998046875 -569.25 -588.760009765625 -603.07000732421875 -622.33001708984375 -638.760009765625 -657.08001708984375 -668.80999755859375 -691.27001953125 -704.41998291015625 -724.95001220703125 -737.9000244140625 -753.6099853515625 -763.67999267578125 -773.030029296875 -774.29998779296875 -774.1400146484375 -761.6500244140625 -737.25 -728.3599853515625 -731.15997314453125 -734.760009765625 -741.5 -749.6099853515625 -768.6099853515625
