DATA/stromboliDEM.asc
ncols        460
nrows        438
xllcorner    505700.000000000000
yllcorner    4285580.000000000000
cellsize     50.000000000000
NODATA_value  -9999
[rows 0 to 18 of 438, columns 129 to 171 of 460]
-2419.469970703125 -2422.7900390625 -2423.81005859375 -2422.739990234375 -2421.800048828125 -2422.030029296875 -2425.4599609375 -2425.409912109375 -2424.7099609375 -2423.02001953125 -2421.10009765625 -2419.89990234375 -2419.25 -2418.7099609375 -2418.7099609375 -2419.3798828125 -2418.14990234375 -2417.169921875 -2415.60009765625 -2414.739990234375 -2412.64990234375 -2411.590087890625 -2410.409912109375 -2409.280029296875 -2409.14990234375 -2408.10009765625 -2407.989990234375 -2406.81005859375 -2407.47998046875 -2406.659912109375 -2406.489990234375 -2406.469970703125 -2405.06005859375 -2406.47998046875 -2407.760009765625 -2408.52001953125 -2408.889892578125 -2410.820068359375 -2413.43994140625 -2413.429931640625 -2415.72998046875 -2415.590087890625 -2415.14990234375
-2418.800048828125 -2420.469970703125 -2420.4599609375 -2421.340087890625 -2421.510009765625 -2421.27001953125 -2423.449951171875 -2423.93994140625 -2422.469970703125 -2421.1201171875 -2419.429931640625 -2418.5400390625 -2417.6201171875 -2418.1298828125 -2417.300048828125 -2417.6201171875 -2416.159912109375 -2415.199951171875 -2413.159912109375 -2412.2099609375 -2410.550048828125 -2410.429931640625 -2409.919921875 -2409.1298828125 -2406.580078125 -2406.800048828125 -2405.75 -2405.340087890625 -2406.39990234375 -2405.60009765625 -2404.739990234375 -2405.070068359375 -2403.830078125 -2405.280029296875 -2405.5 -2405.7099609375 -2407.18994140625 -2408.6298828125 -2410.72998046875 -2410.510009765625 -2411.580078125 -2411.02001953125 -2410.889892578125
-2417.469970703125 -2418.409912109375 -2418.39990234375 -2417.14990234375 -2419.510009765625 -2419.489990234375 -2418.159912109375 -2419.1201171875 -2419.22998046875 -2417.31005859375 -2415.760009765625 -2414.27001953125 -2413.659912109375 -2414.320068359375 -2412.8798828125 -2412.06005859375 -2410.760009765625 -2409.4599609375 -2407.3798828125 -2405.919921875 -2405.219970703125 -2404.179931640625 -2405.9599609375 -2407.0400390625 -2404.550048828125 -2403.280029296875 -2403.6298828125 -2403.949951171875 -2402.830078125 -2402.2900390625 -2400.89990234375 -2401.06005859375 -2401.300048828125 -2401.3798828125 -2399.469970703125 -2399.97998046875 -2400.760009765625 -2403.1201171875 -2404.070068359375 -2404.199951171875 -2405.050048828125 -2405.110107421875 -2404.2099609375
-2416.1298828125 -2416.610107421875 -2417.5400390625 -2416.43994140625 -2416.679931640625 -2416.699951171875 -2415.60009765625 -2415.6201171875 -2414.3798828125 -2414.4599609375 -2412.81005859375 -2412.070068359375 -2411.260009765625 -2410.6298828125 -2408.43994140625 -2406.929931640625 -2405.239990234375 -2404.570068359375 -2402.659912109375 -2401.219970703125 -2400.1201171875 -2402.360107421875 -2404.260009765625 -2404.8798828125 -2402.070068359375 -2402.330078125 -2402.39990234375 -2400.7099609375 -2400.2099609375 -2400.050048828125 -2398.889892578125 -2397.7900390625 -2398.699951171875 -2399.43994140625 -2396.02001953125 -2396.909912109375 -2397.780029296875 -2399.550048828125 -2399.489990234375 -2399.85009765625 -2402.1201171875 -2402.14990234375 -2401.969970703125
-2414.929931640625 -2414.43994140625 -2414.35009765625 -2412.89990234375 -2414.260009765625 -2414 -2411.889892578125 -2411.219970703125 -2410.14990234375 -2409.77001953125 -2408.449951171875 -2408.699951171875 -2406.610107421875 -2405.419921875 -2401.68994140625 -2400.179931640625 -2398.39990234375 -2397.919921875 -2396.85009765625 -2396.280029296875 -2395.989990234375 -2396.64990234375 -2397.27001953125 -2396.93994140625 -2396.719970703125 -2397.8701171875 -2397.10009765625 -2398.5400390625 -2396.56005859375 -2398.52001953125 -2396.5 -2398.27001953125 -2391.7099609375 -2394.909912109375 -2394.530029296875 -2394.949951171875 -2395.419921875 -2395.06005859375 -2393.1201171875 -2395.300048828125 -2397.110107421875 -2398.8701171875 -2400.56005859375
-2413.219970703125 -2412.080078125 -2411.719970703125 -2410.18994140625 -2411.330078125 -2412.800048828125 -2409.929931640625 -2407.77001953125 -2407.47998046875 -2407.68994140625 -2406.389892578125 -2405.739990234375 -2403.840087890625 -2401.10009765625 -2397.85009765625 -2396.179931640625 -2394.179931640625 -2393.050048828125 -2393.06005859375 -2392.610107421875 -2392.510009765625 -2393.110107421875 -2393.340087890625 -2392.570068359375 -2393.2099609375 -2395.719970703125 -2394.389892578125 -2392.409912109375 -2395.330078125 -2397.1298828125 -2394.489990234375 -2395.31005859375 -2389.409912109375 -2393.449951171875 -2392.1298828125 -2393.5400390625 -2393.389892578125 -2391.389892578125 -2393.580078125 -2395.010009765625 -2393.8701171875 -2396.199951171875 -2397.31005859375
-2411.31005859375 -2408.60009765625 -2407.550048828125 -2406.5400390625 -2406.68994140625 -2407.25 -2406.840087890625 -2404.419921875 -2403.800048828125 -2405.110107421875 -2405.030029296875 -2403.3701171875 -2399.580078125 -2396.52001953125 -2393.919921875 -2391.580078125 -2388.169921875 -2388.419921875 -2388.1201171875 -2387.159912109375 -2387.31005859375 -2388.659912109375 -2389.47998046875 -2386.3701171875 -2388.27001953125 -2389.85009765625 -2388.47998046875 -2390.52001953125 -2391.169921875 -2389.969970703125 -2389.800048828125 -2389.72998046875 -2387.60009765625 -2391.1201171875 -2388.8701171875 -2389 -2388.199951171875 -2388.35009765625 -2388.679931640625 -2385.840087890625 -2391.030029296875 -2392.760009765625 -2391.8798828125
-2407.949951171875 -2406.6201171875 -2405.260009765625 -2404.639892578125 -2404.530029296875 -2405.60009765625 -2404.260009765625 -2402.550048828125 -2402.719970703125 -2403.830078125 -2402.340087890625 -2402.080078125 -2397.93994140625 -2394.669921875 -2391.10009765625 -2387.830078125 -2385.56005859375 -2384.530029296875 -2383.760009765625 -2383.5400390625 -2384.159912109375 -2385.10009765625 -2385.610107421875 -2384.39990234375 -2385.489990234375 -2386.31005859375 -2386.52001953125 -2388.080078125 -2387.77001953125 -2386.070068359375 -2386.219970703125 -2387.010009765625 -2386.0400390625 -2390.469970703125 -2386.590087890625 -2385.02001953125 -2386.139892578125 -2387.14990234375 -2387.590087890625 -2381.669921875 -2389.0400390625 -2390.030029296875 -2389.409912109375
-2403.969970703125 -2403.320068359375 -2401.6298828125 -2402.2099609375 -2400.52001953125 -2399.27001953125 -2398.909912109375 -2398.580078125 -2399.050048828125 -2398.010009765625 -2398.199951171875 -2396.31005859375 -2392.550048828125 -2390.669921875 -2387.39990234375 -2383.39990234375 -2379.5400390625 -2378.89990234375 -2378.340087890625 -2377.179931640625 -2379.179931640625 -2379.93994140625 -2381.77001953125 -2382.60009765625 -2383.080078125 -2385.0400390625 -2384.31005859375 -2386.219970703125 -2382.409912109375 -2381.929931640625 -2382.070068359375 -2381.2900390625 -2385.3798828125 -2388.0400390625 -2382.419921875 -2381.06005859375 -2380.8701171875 -2383.3798828125 -2380.840087890625 -2381.10009765625 -2385.35009765625 -2387.43994140625 -2386.330078125
-2401.530029296875 -2401.110107421875 -2399.820068359375 -2399.06005859375 -2397.31005859375 -2398.429931640625 -2397.06005859375 -2397.9599609375 -2396.6201171875 -2394.949951171875 -2393.300048828125 -2392.68994140625 -2390.6298828125 -2388.030029296875 -2383.830078125 -2380.580078125 -2376.27001953125 -2374.75 -2376.93994140625 -2375.9599609375 -2376.389892578125 -2377.18994140625 -2379.1201171875 -2379.010009765625 -2378.780029296875 -2380.919921875 -2380.1298828125 -2380.47998046875 -2377.4599609375 -2378.360107421875 -2378.02001953125 -2377.52001953125 -2382.5400390625 -2383.429931640625 -2379.820068359375 -2378.97998046875 -2377.949951171875 -2377.969970703125 -2378.25 -2380.3798828125 -2382.280029296875 -2384.570068359375 -2385.81005859375
-2399.530029296875 -2398.419921875 -2396.60009765625 -2395.5400390625 -2394.010009765625 -2395.27001953125 -2395.72998046875 -2397.340087890625 -2396.360107421875 -2393.9599609375 -2391.989990234375 -2389.60009765625 -2386.830078125 -2382.280029296875 -2378.2099609375 -2375.8798828125 -2369.419921875 -2368.389892578125 -2369.35009765625 -2371.719970703125 -2371.949951171875 -2372.5400390625 -2372.52001953125 -2372.080078125 -2374.68994140625 -2376.1201171875 -2375.64990234375 -2375.06005859375 -2374.93994140625 -2375.2900390625 -2374.02001953125 -2372.570068359375 -2373.610107421875 -2373.1298828125 -2373.25 -2374.6298828125 -2375.199951171875 -2371.47998046875 -2378.010009765625 -2376.830078125 -2373.60009765625 -2372.360107421875 -2381.780029296875
-2398.27001953125 -2396.7900390625 -2393.64990234375 -2394.139892578125 -2393.2900390625 -2393.25 -2394.929931640625 -2396.550048828125 -2395.530029296875 -2391.530029296875 -2389.280029296875 -2388.14990234375 -2385.169921875 -2381.43994140625 -2374.969970703125 -2371.6201171875 -2372.139892578125 -2365.679931640625 -2365.919921875 -2365.8701171875 -2366.030029296875 -2368.179931640625 -2368.659912109375 -2369.1298828125 -2372.3701171875 -2373.56005859375 -2375.25 -2374.39990234375 -2373.9599609375 -2374.280029296875 -2373.330078125 -2369.919921875 -2370.800048828125 -2368.760009765625 -2370.1201171875 -2371.97998046875 -2372.739990234375 -2370.760009765625 -2376.340087890625 -2372.419921875 -2367.860107421875 -2366.64990234375 -2377.090087890625
-2395.739990234375 -2393.639892578125 -2392.35009765625 -2393.14990234375 -2392.909912109375 -2392.43994140625 -2392.610107421875 -2394.14990234375 -2390.10009765625 -2387.419921875 -2385.4599609375 -2384.60009765625 -2380.800048828125 -2374.7099609375 -2371.31005859375 -2370.739990234375 -2364.81005859375 -2362.330078125 -2359.409912109375 -2356.469970703125 -2358.27001953125 -2358.5 -2364.739990234375 -2366.0400390625 -2367.419921875 -2370.340087890625 -2371.830078125 -2372.760009765625 -2372.429931640625 -2372.39990234375 -2370.4599609375 -2367.449951171875 -2370.2900390625 -2370.969970703125 -2370.580078125 -2372.320068359375 -2373.669921875 -2370.679931640625 -2366.7099609375 -2365 -2365.550048828125 -2367.570068359375 -2375.68994140625
-2394.330078125 -2393.43994140625 -2391.050048828125 -2391.81005859375 -2391.919921875 -2392.1201171875 -2391.679931640625 -2390.590087890625 -2387.489990234375 -2385.449951171875 -2382.72998046875 -2381.719970703125 -2378.070068359375 -2375.030029296875 -2369.929931640625 -2367.60009765625 -2364.800048828125 -2359.550048828125 -2357.070068359375 -2353.75 -2355.090087890625 -2357.169921875 -2363.070068359375 -2364.199951171875 -2365.06005859375 -2366.43994140625 -2369.820068359375 -2372.31005859375 -2371.56005859375 -2370.949951171875 -2365.10009765625 -2361.5400390625 -2366.1298828125 -2369.610107421875 -2370.2099609375 -2372.219970703125 -2373.6298828125 -2370.6201171875 -2365.179931640625 -2363.8701171875 -2364.6298828125 -2365.89990234375 -2371.610107421875
-2393.280029296875 -2392 -2388.780029296875 -2387.050048828125 -2388.050048828125 -2388 -2387.419921875 -2385.1298828125 -2382.3701171875 -2382.1201171875 -2379.280029296875 -2378.93994140625 -2376.389892578125 -2374.580078125 -2367.429931640625 -2365.580078125 -2362.7099609375 -2359.02001953125 -2353.5 -2348.169921875 -2346.22998046875 -2346.9599609375 -2356.280029296875 -2357 -2358.136962890625 -2359.6298828125 -2361.300048828125 -2363.260009765625 -2366.889892578125 -2367.81005859375 -2363.9599609375 -2358.56005859375 -2359.06005859375 -2362.81005859375 -2366.89990234375 -2369.2900390625 -2366.909912109375 -2367.239990234375 -2363.679931640625 -2360.320068359375 -2360.6298828125 -2361.280029296875 -2360.2900390625
-2390.610107421875 -2389.639892578125 -2387.179931640625 -2386.35009765625 -2385.699951171875 -2383.72998046875 -2386.070068359375 -2384.330078125 -2380.860107421875 -2379.14990234375 -2376.43994140625 -2376.60009765625 -2373.280029296875 -2372.969970703125 -2368.260009765625 -2362.610107421875 -2355.169921875 -2351.7900390625 -2344.8798828125 -2344.68994140625 -2344.0400390625 -2343.56005859375 -2350.25 -2351.669921875 -2351.052001953125 -2350.7548828125 -2352.860107421875 -2353.43994140625 -2360.449951171875 -2365.60009765625 -2358.199951171875 -2355.52001953125 -2358.4599609375 -2360.25 -2365.1298828125 -2360.39990234375 -2357.9599609375 -2360.919921875 -2358.830078125 -2353.75 -2356.68994140625 -2358.080078125 -2353.39990234375
-2388.639892578125 -2388 -2383.0400390625 -2380.699951171875 -2382.25 -2380.27001953125 -2380.639892578125 -2381.4599609375 -2376.85009765625 -2375.889892578125 -2373.929931640625 -2372.8701171875 -2369.1298828125 -2365.9599609375 -2362.320068359375 -2358.14990234375 -2351.27001953125 -2346.8798828125 -2338.919921875 -2340.320068359375 -2339.10009765625 -2339.550048828125 -2342.64990234375 -2343.860107421875 -2344.219970703125 -2343.013916015625 -2344.72998046875 -2345.3701171875 -2354.43994140625 -2361.31005859375 -2354.72998046875 -2352.679931640625 -2353.300048828125 -2354.280029296875 -2356.330078125 -2354.3798828125 -2353.47998046875 -2348.43994140625 -2345.7099609375 -2344.489990234375 -2349.929931640625 -2350.580078125 -2348.860107421875
-2386.159912109375 -2383.2900390625 -2379.85009765625 -2378.800048828125 -2379.3701171875 -2378.4599609375 -2379.39990234375 -2378.2099609375 -2375.080078125 -2375.1201171875 -2371.679931640625 -2372.550048828125 -2368.219970703125 -2363.780029296875 -2359.679931640625 -2352.35009765625 -2348.1298828125 -2347.9599609375 -2341.52001953125 -2336.580078125 -2333.35009765625 -2330.8798828125 -2335.860107421875 -2338.179931640625 -2338.580078125 -2339.0849609375 -2339.919921875 -2341.239990234375 -2346.6201171875 -2349.169921875 -2351.409912109375 -2349.77001953125 -2350.64990234375 -2347.72998046875 -2343.31005859375 -2342.510009765625 -2341.590087890625 -2340.800048828125 -2341.8701171875 -2341.840087890625 -2344.550048828125 -2345.080078125 -2350.679931640625
-2381.929931640625 -2381.06005859375 -2378.56005859375 -2377.580078125 -2374.669921875 -2375.81005859375 -2377.35009765625 -2375.47998046875 -2372.47998046875 -2370.25 -2366.070068359375 -2364.47998046875 -2361.969970703125 -2359.909912109375 -2356.050048828125 -2349.81005859375 -2341.81005859375 -2338.72998046875 -2337.260009765625 -2332.25 -2329.27001953125 -2328.159912109375 -2331.909912109375 -2334.5400390625 -2337.199951171875 -2337.489990234375 -2336.219970703125 -2336.110107421875 -2335.489990234375 -2337.39990234375 -2339.760009765625 -2338.280029296875 -2337.2900390625 -2333.159912109375 -2324.27001953125 -2326.7099609375 -2328.6201171875 -2324.02001953125 -2332.22998046875 -2340.68994140625 -2341.679931640625 -2345.260009765625 -2345.280029296875
