DATA/stromboliDEM.asc
ncols        460
nrows        438
xllcorner    505700.000000000000
yllcorner    4285580.000000000000
cellsize     50.000000000000
NODATA_value  -9999
[rows 208 to 233 of 438, columns 348 to 405 of 460]
-312.3199 -338.4892 -365.7760 -371.7736 -391.0525 -406.0357 -425.9884 -436.4176 -453.0459 -464.9075 -482.6325 -501.5643 -521.2623 -538.5842 -558.7137 -568.9443 -588.4040 -602.6794 -621.9374 -638.4296 -656.8906 -668.8336 -691.5415 -704.9167 -725.6103 -738.6288 -754.3302 -764.3352 -773.6020 -774.7949 -774.5927 -762.1096 -737.7783 -729.0382 -732.0539 -735.8832 -742.8013 -750.9614 -769.8468 -787.8991 -798.5489 -809.1584 -819.6530 -826.1803 -830.8365 -828.8590 -826.7515 -839.8259 -862.7986 -880.0892 -903.8295 -913.7663 -932.2952 -948.8702 -968.5228 -982.4573 -999.2387 -1011.0960
-301.6945 -323.9677 -352.8012 -363.6223 -382.9492 -396.7994 -415.5283 -431.9562 -450.1338 -460.6316 -479.8084 -493.4865 -516.2954 -530.2276 -550.6737 -560.6590 -579.0395 -594.7453 -616.0721 -630.7196 -650.9376 -664.2760 -684.0257 -696.4157 -715.6934 -728.2921 -742.4465 -751.9424 -752.1585 -752.5346 -733.4573 -718.2767 -707.7889 -710.3391 -734.5019 -747.4816 -736.2765 -742.9987 -762.9886 -773.4249 -787.7123 -800.2409 -805.9029 -813.7039 -821.1266 -824.8732 -836.9653 -849.8772 -870.8671 -887.3814 -909.0483 -919.3063 -937.6272 -951.6090 -969.4896 -982.2168 -999.3427 -1007.0668
-302.3377 -324.4274 -347.2318 -356.2608 -374.4884 -387.4842 -403.3415 -416.2909 -436.5828 -446.2183 -466.0373 -479.8956 -498.8077 -516.1948 -536.8068 -546.1383 -568.6299 -584.7123 -607.0359 -620.0159 -643.0883 -653.9054 -673.4478 -688.8450 -705.1216 -717.2072 -736.9393 -744.0365 -758.4745 -772.0804 -762.1680 -759.5920 -759.2106 -775.4060 -782.1606 -794.6907 -787.8589 -774.5383 -772.4362 -771.9102 -786.5618 -788.3662 -798.6781 -805.1398 -821.0043 -827.2546 -843.8208 -862.0870 -888.9347 -905.4400 -925.7927 -936.0183 -955.9205 -970.8498 -986.3976 -1000.2007 -1013.1408 -1021.1631
-307.1805 -324.8029 -341.2825 -348.6607 -365.2426 -378.4056 -394.3603 -407.0782 -429.8147 -437.3457 -458.7604 -469.5934 -493.4151 -509.6217 -530.8814 -541.8103 -562.5486 -578.1420 -601.4381 -618.3378 -636.8041 -650.2632 -669.3625 -686.6424 -703.6582 -715.3962 -734.9433 -742.1458 -760.8790 -777.0330 -787.8500 -799.8285 -798.2629 -802.2968 -802.4559 -811.7041 -811.4321 -803.2607 -788.2728 -780.7198 -794.1336 -801.6713 -804.5132 -805.7330 -821.7096 -828.2315 -842.8825 -862.9531 -891.5991 -910.5675 -933.2035 -943.5340 -962.6733 -978.2385 -997.5919 -1009.9024 -1024.2652 -1029.9335
-292.3273 -307.4156 -319.8408 -327.8915 -342.4096 -355.8260 -375.8314 -392.9884 -408.7252 -419.3817 -440.5383 -457.2319 -480.2308 -498.2387 -521.2688 -533.1179 -554.4241 -570.8708 -594.7238 -608.8396 -629.7680 -639.9482 -662.2641 -678.9675 -698.2724 -713.1558 -730.8229 -741.2329 -761.0762 -774.3041 -791.3351 -804.4709 -819.4968 -826.6653 -838.5837 -846.4352 -851.4723 -852.8676 -834.3177 -832.2771 -821.8337 -812.9011 -818.8978 -834.7405 -849.6511 -852.0836 -854.7577 -865.4112 -889.6811 -910.0267 -934.7765 -946.7253 -969.0737 -986.0778 -1007.5240 -1022.2400 -1039.8769 -1049.0896
-274.1397 -284.6627 -301.5039 -311.3945 -329.0451 -343.8402 -366.7779 -379.7437 -403.2006 -411.8038 -435.2846 -454.5435 -476.9882 -493.7250 -514.8716 -527.0431 -550.5386 -566.6722 -586.6076 -605.4459 -630.6678 -641.3363 -659.2116 -672.4597 -692.8228 -708.7916 -729.4426 -741.9419 -759.0622 -774.1607 -791.3049 -804.0542 -817.7083 -826.4314 -841.7193 -851.4044 -863.6504 -870.1391 -862.0070 -854.7586 -854.7088 -844.6665 -852.8822 -859.2271 -881.4970 -879.9379 -877.2874 -881.8149 -895.3635 -909.7513 -932.8140 -944.3948 -966.7403 -984.6029 -1009.7391 -1025.6110 -1045.3824 -1055.9813
-253.6572 -267.8242 -283.7365 -293.5972 -314.0227 -327.2634 -349.4435 -367.5940 -394.0245 -406.8941 -429.0669 -447.9966 -472.9981 -487.3721 -514.1962 -525.1723 -545.5208 -561.6434 -583.7542 -602.9517 -620.5280 -633.5208 -654.7829 -669.9289 -690.4814 -707.7714 -726.1171 -738.3064 -756.8637 -768.9182 -787.9461 -801.0161 -817.5227 -827.3902 -840.6272 -853.4680 -866.8180 -873.2837 -891.2957 -897.2289 -893.8033 -893.1886 -895.4039 -895.9320 -912.0489 -914.6962 -912.5337 -905.1163 -909.0506 -919.6884 -937.7114 -946.2609 -965.3268 -982.6714 -1006.0493 -1022.3411 -1044.8229 -1053.0354
-238.9327 -253.9660 -274.7704 -282.6135 -301.2297 -321.0220 -342.2654 -366.5248 -388.2043 -400.4363 -424.4451 -443.0919 -465.3270 -483.4881 -506.7812 -522.9424 -541.4347 -562.1273 -581.3982 -601.3588 -621.7290 -633.4404 -653.5205 -668.7595 -690.8345 -705.0154 -721.5345 -733.9540 -751.9161 -768.1662 -785.1170 -798.7536 -815.7786 -823.7033 -842.0720 -853.3495 -870.0803 -880.3924 -897.7281 -902.2734 -912.4821 -922.1067 -917.5714 -915.1472 -929.5399 -932.3731 -937.2394 -933.6555 -925.0554 -928.1242 -945.4722 -953.4159 -973.0065 -988.5410 -1007.2135 -1021.7145 -1043.9984 -1053.2435
-220.0341 -237.0495 -257.0916 -270.5605 -295.6044 -314.0442 -340.0865 -357.6534 -385.9041 -395.6546 -419.5913 -437.4996 -468.0264 -481.7786 -505.9296 -515.7458 -541.4536 -556.6111 -582.1228 -598.8285 -619.6325 -629.6321 -651.6326 -667.0949 -684.4155 -701.2931 -719.0821 -728.7973 -748.6763 -763.4712 -781.9957 -795.3199 -812.1594 -821.0140 -840.3879 -852.2161 -870.3325 -882.0471 -896.8609 -907.0934 -913.6266 -931.8321 -937.1547 -942.8579 -954.7474 -964.5378 -969.0643 -969.1550 -957.7804 -942.0081 -949.8275 -958.6676 -977.5905 -993.6571 -1015.0460 -1028.5379 -1047.3321 -1056.5406
-213.4393 -231.3814 -254.6629 -268.5384 -292.9778 -311.6636 -336.2015 -354.6950 -383.2379 -395.6207 -418.8598 -435.2487 -466.9300 -481.7291 -505.0220 -516.2435 -540.5071 -553.6741 -581.5600 -596.3333 -614.8518 -627.9452 -650.0736 -665.7278 -685.9533 -699.2623 -718.3917 -727.5135 -746.8201 -762.1932 -778.9782 -794.0636 -812.1691 -820.4600 -838.6645 -852.2223 -872.0916 -884.9478 -898.7931 -908.6561 -919.8274 -931.0841 -952.2884 -957.5060 -964.5687 -966.6764 -982.0899 -984.6174 -977.6051 -963.9367 -955.4294 -961.1630 -977.7270 -994.9080 -1018.1877 -1033.6438 -1051.3659 -1058.7657
-201.5584 -219.9166 -247.7273 -260.7394 -285.9027 -306.9424 -331.3793 -350.0700 -379.2030 -392.2263 -418.6904 -437.2962 -461.8635 -477.6641 -499.4551 -511.1299 -535.5829 -554.7883 -577.1868 -593.9544 -616.4765 -628.4279 -650.8273 -663.3907 -682.5654 -694.9638 -716.2936 -725.3922 -744.4597 -759.4127 -778.8536 -793.7042 -813.6731 -821.8190 -841.6320 -853.6891 -873.5462 -887.0295 -903.8462 -916.3721 -930.2501 -940.6805 -956.5375 -969.1056 -985.1365 -987.6783 -996.8398 -1010.4278 -1009.7878 -996.4596 -993.8295 -994.8355 -990.1104 -999.5608 -1026.5772 -1039.5032 -1056.1448 -1064.9622
-196.1365 -215.1207 -241.1226 -256.9278 -281.2610 -299.6078 -328.3308 -348.0233 -376.0958 -389.3101 -416.3550 -432.4343 -455.6338 -475.1954 -499.4370 -512.4420 -537.4907 -556.1426 -578.7573 -593.0936 -614.1488 -623.4074 -647.1640 -662.0157 -681.1129 -696.6472 -716.9028 -725.8140 -745.0112 -758.2214 -778.0070 -791.5012 -813.8215 -823.7792 -841.6987 -852.6285 -871.7898 -887.9935 -908.0292 -915.5801 -930.0787 -945.2060 -964.2393 -974.3389 -988.4691 -989.7109 -1003.8197 -1022.0920 -1028.5624 -1026.4778 -1020.0043 -1018.5821 -1014.6261 -1011.6407 -1028.3399 -1045.4933 -1061.4170 -1068.4340
-188.9626 -210.7694 -236.0051 -250.4042 -281.1396 -307.9637 -329.8801 -352.0736 -375.3286 -390.8923 -414.0762 -434.5434 -459.1639 -475.4465 -501.6551 -512.8768 -538.4890 -553.7701 -575.9304 -591.4425 -614.2166 -624.0987 -645.3618 -660.5370 -680.2615 -696.4041 -716.1037 -727.2582 -747.4275 -759.8873 -778.9337 -793.2498 -813.4795 -823.8025 -841.1637 -859.0468 -877.0854 -889.0927 -908.3782 -917.9835 -931.5666 -946.4693 -966.0604 -974.8679 -995.9275 -1006.0753 -1015.6610 -1031.7624 -1044.2824 -1053.3465 -1061.2405 -1058.3319 -1055.0337 -1052.1900 -1063.5827 -1056.9636 -1062.5136 -1069.4545
-184.2627 -205.8695 -238.0305 -254.0123 -281.3730 -304.3042 -330.7063 -350.1464 -374.6540 -387.8488 -412.9581 -430.1367 -452.6224 -470.7409 -491.2069 -506.0744 -532.2950 -550.6493 -574.3233 -591.4793 -614.3587 -626.5772 -647.8796 -664.4176 -684.0269 -699.0845 -720.9123 -729.7062 -750.5024 -765.5469 -783.8693 -798.1096 -818.1561 -827.6978 -847.3620 -859.4276 -879.7479 -893.5945 -912.9723 -920.5611 -937.4972 -953.3927 -964.1830 -979.3473 -997.5923 -1007.1415 -1031.0749 -1037.2788 -1051.5165 -1061.5941 -1076.7557 -1083.5021 -1086.7391 -1081.5782 -1090.0827 -1084.9197 -1075.0274 -1071.8684
-190.6596 -212.0109 -236.1953 -251.3143 -277.4153 -295.5319 -327.2846 -343.6561 -368.8069 -383.2911 -405.3174 -425.9285 -450.4801 -468.9991 -494.6963 -506.9482 -530.9894 -550.1812 -575.0334 -593.4274 -617.2047 -627.7227 -651.1051 -666.0295 -688.2043 -703.5859 -723.4193 -734.2117 -753.8859 -770.1365 -789.3199 -803.2226 -820.0551 -831.0789 -853.4525 -872.4722 -884.7257 -899.4475 -919.6078 -928.1930 -948.6578 -961.6237 -975.8609 -992.6540 -1007.7316 -1013.9534 -1031.0048 -1047.8078 -1061.1469 -1071.0749 -1085.5330 -1093.2850 -1109.5699 -1120.1715 -1131.4210 -1129.7792 -1122.2731 -1116.7143
-189.2359 -207.2153 -236.6899 -249.4073 -278.7914 -296.0112 -323.7763 -344.7811 -369.8875 -381.0478 -404.7133 -423.1034 -450.8305 -469.6220 -494.2534 -506.7101 -533.9074 -550.2482 -574.9566 -594.4147 -617.4983 -628.3535 -649.9015 -669.3937 -688.3853 -704.6828 -725.9349 -735.4975 -756.0452 -770.4340 -785.9280 -805.5817 -824.7448 -841.7131 -853.5856 -870.5978 -888.8998 -899.5726 -923.4892 -936.5649 -954.0139 -964.4436 -984.5764 -996.8167 -1013.1838 -1017.7821 -1034.9707 -1049.7754 -1065.5343 -1076.8813 -1089.7740 -1097.2925 -1113.6630 -1124.7569 -1140.3475 -1149.6867 -1146.6603 -1139.7441
-200.6397 -224.7086 -248.0002 -255.1018 -280.0141 -296.1565 -315.3961 -333.1847 -365.9704 -377.6178 -404.4254 -427.3357 -454.2889 -472.6142 -496.0334 -509.2374 -532.9549 -550.3657 -574.4697 -594.8501 -619.3895 -630.6092 -650.8675 -671.9574 -691.4520 -706.8720 -729.8183 -740.6774 -759.2602 -775.9139 -792.9533 -807.8027 -834.7423 -844.2720 -867.1517 -875.8945 -897.7649 -908.7091 -927.9329 -940.1122 -953.0343 -966.2903 -984.8059 -992.5633 -1015.5583 -1024.3362 -1042.5688 -1053.8625 -1070.4007 -1083.0332 -1099.2382 -1107.8095 -1121.0055 -1132.3668 -1148.6928 -1159.4320 -1175.6548 -1181.1920
-219.5501 -231.2783 -256.0876 -265.9824 -297.5265 -311.6842 -331.4943 -343.1528 -366.0397 -384.4146 -408.7109 -428.6857 -454.5508 -471.7907 -498.0141 -508.7111 -534.3508 -552.4071 -576.4490 -593.6525 -618.8066 -630.7052 -654.1722 -671.3864 -692.2624 -712.4793 -732.5855 -743.8826 -765.2028 -774.4862 -797.9123 -816.4957 -834.1279 -842.0857 -864.2896 -885.3252 -897.4286 -910.4609 -930.9609 -941.1435 -956.5237 -969.8497 -989.6395 -1002.4838 -1019.3486 -1026.7628 -1044.5405 -1056.5532 -1072.5446 -1084.0306 -1101.2735 -1111.1633 -1128.0121 -1138.6274 -1152.3531 -1164.6677 -1179.1059 -1187.0848
-226.3749 -241.3609 -276.6017 -288.1352 -313.0784 -328.5542 -345.5353 -364.3489 -385.4388 -389.3028 -407.7063 -430.4902 -454.7686 -472.3729 -495.4379 -513.0484 -535.7674 -552.1804 -575.1234 -594.1312 -621.7333 -632.1974 -652.3938 -674.6861 -699.4648 -711.6359 -734.1305 -743.7523 -770.2060 -787.5414 -801.7041 -819.8584 -837.6815 -849.5216 -870.6899 -886.7250 -904.1010 -917.0316 -934.4966 -946.6307 -964.0855 -975.0155 -990.0402 -1005.4229 -1022.6537 -1034.2946 -1051.3918 -1063.0515 -1079.6414 -1089.0584 -1102.7247 -1110.5480 -1128.1926 -1142.5985 -1160.8155 -1171.3384 -1186.7452 -1191.9093
-244.7994 -260.2879 -289.2541 -304.0649 -322.7725 -339.3005 -360.2151 -370.9380 -396.7447 -407.8860 -418.7325 -432.1298 -457.6839 -474.9427 -499.9826 -513.8476 -535.9554 -555.5282 -575.6100 -595.1968 -619.6417 -631.5480 -655.5217 -670.0864 -701.5573 -715.4070 -739.3008 -747.2740 -773.9241 -788.5410 -810.6609 -822.9020 -845.0111 -856.6789 -873.9469 -889.7952 -910.4376 -920.3951 -936.6574 -947.7988 -963.4808 -978.7123 -1000.3973 -1012.2090 -1029.0738 -1037.3421 -1055.7605 -1068.1135 -1084.6181 -1095.2840 -1111.0007 -1115.4363 -1132.6195 -1144.4352 -1160.9463 -1174.6414 -1190.5008 -1199.0342
-269.0979 -287.1952 -308.7817 -322.6635 -339.3345 -356.1066 -375.8612 -392.1218 -404.1041 -421.9703 -441.8746 -451.6986 -461.8224 -481.3796 -501.8089 -513.5630 -541.7624 -559.8930 -577.4443 -595.9613 -623.6371 -635.2709 -659.0352 -674.3993 -699.8002 -718.7943 -741.9339 -754.7127 -776.1367 -791.1033 -811.1761 -825.1936 -848.0224 -858.7107 -877.4708 -891.8150 -912.4991 -928.2011 -938.1394 -948.2362 -969.5641 -981.5450 -1003.0821 -1015.8272 -1033.8584 -1042.3955 -1059.7969 -1072.9226 -1089.2607 -1102.9664 -1119.4899 -1127.6272 -1143.1746 -1153.8130 -1167.4441 -1179.4996 -1194.7605 -1200.8310
-276.9319 -292.4455 -317.5574 -327.9099 -349.4193 -365.8204 -383.6802 -401.6954 -414.2853 -424.6254 -451.7938 -463.0014 -472.1200 -482.7026 -505.4920 -516.1895 -539.4689 -558.7852 -582.4370 -601.7692 -625.7548 -636.2256 -658.4944 -676.5180 -699.7279 -721.6171 -744.0668 -754.0880 -775.4608 -792.9432 -815.4785 -830.4076 -851.6021 -861.2553 -881.4657 -896.7909 -914.9003 -928.2609 -946.2427 -950.6114 -972.5155 -983.7147 -1001.6972 -1016.6919 -1034.6462 -1043.7733 -1060.8277 -1075.1567 -1092.7363 -1105.3256 -1120.7983 -1130.4113 -1146.2630 -1157.8417 -1171.0109 -1183.6978 -1198.0298 -1205.8235
-291.0169 -304.7755 -326.9171 -340.3541 -364.0017 -379.8958 -402.5170 -415.7803 -439.7594 -442.5360 -463.3911 -477.7149 -500.4503 -507.9642 -514.4146 -523.5255 -544.6926 -564.6795 -588.6740 -606.0668 -628.7880 -640.5797 -665.4036 -680.6159 -702.0138 -722.6263 -746.0395 -757.5947 -778.8234 -795.9976 -819.5125 -834.8537 -856.9881 -866.3941 -887.7072 -903.2427 -921.1736 -937.9855 -947.2547 -957.2093 -975.1481 -983.3801 -1007.0130 -1018.9693 -1035.6336 -1045.0741 -1063.9296 -1077.5700 -1095.6322 -1109.6920 -1127.0769 -1135.9689 -1152.1659 -1164.6629 -1178.2649 -1190.9671 -1204.1512 -1210.9049
-295.6827 -315.1608 -333.7565 -345.7437 -371.0509 -387.2677 -411.1294 -427.5403 -444.7013 -456.5394 -478.0266 -489.4612 -510.6850 -526.0317 -538.1905 -540.8447 -551.6467 -565.2146 -587.7671 -610.0867 -634.5707 -647.2229 -669.5283 -683.2304 -705.4634 -723.4618 -744.0240 -755.4382 -781.8798 -798.6972 -822.1405 -835.3993 -857.8036 -868.9674 -889.7452 -908.7122 -928.4446 -939.6190 -957.4265 -965.9649 -980.5204 -988.5721 -1007.0091 -1017.0703 -1035.2100 -1044.3820 -1062.1377 -1077.9642 -1098.0704 -1111.8138 -1130.1964 -1138.7153 -1155.3303 -1167.4780 -1182.0791 -1193.2501 -1206.4914 -1213.5844
-309.3483 -326.0827 -347.5383 -355.1434 -378.6406 -393.4073 -421.0315 -436.7123 -459.3817 -471.2888 -491.2667 -505.9910 -522.8283 -536.2177 -550.1407 -556.2562 -578.1354 -584.8497 -599.3297 -615.7231 -640.2006 -651.6802 -674.7005 -689.4007 -713.7669 -731.1831 -751.7636 -757.1097 -772.1267 -794.3943 -825.5473 -848.6344 -871.7665 -887.3810 -899.5732 -913.9390 -942.1288 -951.0549 -969.8588 -975.0285 -992.8461 -1004.0518 -1018.1628 -1028.7918 -1042.8448 -1049.7703 -1065.1236 -1078.1010 -1098.1784 -1112.7893 -1134.7426 -1144.1128 -1161.7559 -1173.2749 -1186.2490 -1198.0883 -1211.3102 -1218.2054
-301.3311 -325.1918 -355.5142 -367.6640 -387.6581 -404.5625 -425.7853 -443.2250 -467.0041 -474.9793 -499.4753 -513.9881 -524.3865 -533.8085 -555.2377 -555.9319 -577.5917 -599.0772 -613.0200 -622.5597 -642.5598 -656.2207 -678.6497 -698.0677 -718.9271 -736.1407 -757.5414 -768.4744 -786.7769 -808.3232 -823.4853 -845.5798 -881.5417 -892.8936 -913.1711 -930.3023 -946.0353 -964.4341 -977.2927 -982.4269 -995.9241 -1007.3298 -1024.8637 -1037.0506 -1050.2748 -1057.5232 -1072.7781 -1085.0200 -1100.1089 -1115.2427 -1135.7489 -1145.6084 -1165.4477 -1177.3324 -1191.1009 -1201.1231 -1214.1608 -1222.9909
