DATA/stromboliDEM.asc
ncols        460
nrows        438
xllcorner    505700.000000000000
yllcorner    4285580.000000000000
cellsize     50.000000000000
NODATA_value  -9999
[rows 130 to 155 of 438, columns 348 to 405 of 460]
-1444.1791 -1471.8303 -1493.5013 -1493.4285 -1499.0173 -1503.9352 -1508.8310 -1511.5173 -1516.7765 -1513.6967 -1513.2332 -1515.2263 -1511.4797 -1500.6947 -1480.1544 -1480.9453 -1473.6251 -1472.8093 -1476.1857 -1476.6596 -1474.3782 -1472.4798 -1467.7520 -1470.2911 -1479.9992 -1489.0396 -1499.6942 -1502.1382 -1506.1013 -1506.6898 -1505.4074 -1509.6259 -1517.3886 -1520.5353 -1529.7195 -1535.7300 -1546.8745 -1556.8067 -1567.6287 -1572.3694 -1573.7859 -1575.3617 -1575.8024 -1578.3088 -1584.7642 -1587.2593 -1595.6813 -1599.8954 -1610.5242 -1618.4990 -1626.5076 -1629.5012 -1640.4746 -1646.7612 -1661.0193 -1669.1696 -1682.3798 -1687.5119
-1443.3882 -1463.2049 -1479.5075 -1482.2000 -1486.8916 -1490.9004 -1496.2422 -1499.1977 -1501.1364 -1501.9312 -1501.5036 -1498.4781 -1497.9541 -1486.7695 -1469.8787 -1467.6448 -1462.8515 -1459.8570 -1462.9601 -1464.3623 -1457.6221 -1458.4433 -1456.5650 -1459.0190 -1469.6773 -1478.9501 -1489.1670 -1491.3291 -1493.2671 -1493.6807 -1496.1483 -1498.4144 -1507.9114 -1510.9310 -1519.1973 -1525.5323 -1537.3168 -1546.6496 -1554.2999 -1558.1833 -1562.8582 -1563.6832 -1566.1394 -1569.5868 -1575.0710 -1579.0835 -1587.3422 -1593.5621 -1603.3263 -1609.9514 -1621.6009 -1626.9067 -1636.8024 -1645.5773 -1658.0158 -1666.3223 -1675.5656 -1681.6218
-1439.0468 -1454.4678 -1462.7805 -1464.9799 -1470.0027 -1473.5788 -1477.4364 -1482.8763 -1482.3801 -1483.1971 -1481.9018 -1476.8545 -1477.6621 -1465.8278 -1453.1997 -1450.8625 -1446.8305 -1450.4806 -1447.2091 -1447.7492 -1442.0430 -1442.3757 -1442.5263 -1443.1387 -1454.4249 -1463.8230 -1469.3451 -1471.4086 -1474.9269 -1474.7902 -1479.6345 -1484.0424 -1494.3928 -1497.8558 -1506.7500 -1512.2244 -1523.1240 -1530.0339 -1538.6189 -1542.4308 -1546.1724 -1549.3612 -1552.1931 -1556.0770 -1563.1443 -1567.1014 -1576.8254 -1583.0139 -1594.5992 -1602.6380 -1614.1561 -1620.6407 -1631.5949 -1640.7182 -1650.8513 -1657.8484 -1670.9814 -1673.9188
-1435.8494 -1448.6007 -1455.2289 -1456.7113 -1462.6705 -1465.8274 -1468.3366 -1474.4300 -1472.3909 -1471.5369 -1470.2316 -1468.3511 -1465.4115 -1456.9619 -1443.9894 -1441.7672 -1440.3528 -1441.7844 -1437.9332 -1438.4280 -1434.5020 -1436.1010 -1434.0958 -1436.9390 -1445.3663 -1453.9431 -1459.6039 -1459.4240 -1465.2130 -1465.1911 -1471.7349 -1477.5185 -1490.2481 -1490.9186 -1497.2378 -1506.2562 -1516.6477 -1523.4113 -1531.7393 -1533.6512 -1540.5086 -1541.9117 -1545.1450 -1549.8295 -1556.9431 -1562.2925 -1570.4809 -1578.7410 -1590.8128 -1598.4744 -1613.8685 -1618.6754 -1629.7717 -1637.0619 -1647.5312 -1654.7401 -1665.7625 -1669.1335
-1414.1482 -1429.1433 -1436.5192 -1439.6953 -1445.1863 -1449.1759 -1453.7080 -1455.3187 -1453.6184 -1453.3806 -1448.3444 -1446.7724 -1445.1609 -1433.2128 -1426.7125 -1424.5320 -1425.9346 -1425.7235 -1423.3669 -1423.7490 -1420.3808 -1418.9595 -1418.4395 -1416.5346 -1425.8868 -1435.5957 -1441.9663 -1445.0904 -1445.7715 -1448.2197 -1454.8761 -1462.1362 -1472.0260 -1477.1375 -1486.1049 -1491.7831 -1502.8595 -1509.7314 -1518.5039 -1521.1124 -1525.5473 -1528.0166 -1531.6739 -1534.6822 -1543.5354 -1550.4406 -1562.3855 -1571.8691 -1585.2622 -1599.2967 -1609.9402 -1613.3963 -1622.1553 -1627.2432 -1639.7448 -1646.5910 -1655.7020 -1659.4647
-1403.2235 -1418.1279 -1422.9010 -1427.7561 -1431.8982 -1437.5397 -1439.9731 -1441.2119 -1439.3856 -1439.0953 -1436.6203 -1434.5131 -1431.6827 -1419.3685 -1412.3859 -1409.4586 -1415.0044 -1413.0475 -1410.9302 -1408.8843 -1406.5337 -1405.3947 -1405.3710 -1405.2144 -1415.0797 -1422.9981 -1430.9840 -1432.2598 -1435.8190 -1436.4686 -1445.0982 -1451.9778 -1460.3707 -1464.8509 -1474.9908 -1481.8649 -1492.0359 -1499.4333 -1506.8825 -1509.5847 -1514.6584 -1517.6573 -1522.2389 -1525.5622 -1537.3574 -1544.0603 -1557.3536 -1568.5965 -1585.0836 -1594.7832 -1603.1721 -1608.7603 -1616.7679 -1621.2993 -1631.1339 -1639.8727 -1648.1214 -1649.2202
-1391.1245 -1400.3547 -1407.2332 -1409.0119 -1415.4213 -1420.2628 -1420.7010 -1423.3289 -1418.6469 -1415.5595 -1416.3456 -1415.0267 -1416.5832 -1403.4081 -1395.7429 -1394.4917 -1398.1121 -1396.3819 -1390.5575 -1389.1326 -1387.5106 -1384.9786 -1382.4426 -1388.1958 -1400.2155 -1405.7650 -1410.4771 -1414.8348 -1418.9601 -1423.6940 -1433.1500 -1436.2401 -1444.4459 -1449.9346 -1460.1190 -1468.6877 -1479.3710 -1485.2496 -1492.7071 -1495.9022 -1499.0872 -1505.1594 -1507.5987 -1514.9199 -1529.6542 -1537.1875 -1559.7970 -1569.6048 -1581.4981 -1586.8190 -1596.0279 -1600.3681 -1609.7310 -1616.7467 -1624.3211 -1632.6445 -1636.1062 -1633.0438
-1376.1047 -1380.2427 -1395.0617 -1397.7129 -1400.6249 -1405.5268 -1404.6061 -1406.5626 -1401.6123 -1401.1144 -1399.3802 -1399.1250 -1401.4955 -1384.3878 -1382.8480 -1382.1414 -1383.3737 -1381.5862 -1377.2922 -1373.2440 -1372.3032 -1370.2228 -1372.3923 -1376.8916 -1386.0388 -1392.5078 -1395.6508 -1400.3145 -1407.9634 -1413.6316 -1422.1305 -1426.0844 -1434.6306 -1439.0270 -1448.3543 -1456.3867 -1466.3183 -1473.6213 -1481.6680 -1483.0802 -1485.5318 -1489.8006 -1500.2981 -1509.9733 -1528.4740 -1538.3115 -1557.5667 -1565.5431 -1574.4866 -1581.3658 -1590.1820 -1594.8109 -1603.8566 -1611.2226 -1618.6586 -1619.7776 -1620.6025 -1617.8024
-1367.7177 -1369.7111 -1376.9856 -1380.9971 -1385.9170 -1384.2553 -1387.5479 -1382.9501 -1380.1018 -1378.9487 -1379.6056 -1379.0002 -1377.6485 -1362.5451 -1363.6059 -1364.3543 -1363.5849 -1363.9448 -1353.6928 -1351.5109 -1351.4008 -1351.8052 -1354.9880 -1360.2261 -1366.2991 -1370.7884 -1375.3296 -1381.3450 -1392.4880 -1396.4508 -1406.0001 -1410.7823 -1419.9779 -1424.3074 -1435.5733 -1441.9028 -1453.7619 -1461.2617 -1468.3209 -1470.7329 -1475.1924 -1480.4794 -1491.9048 -1509.9165 -1524.0906 -1536.8223 -1549.7498 -1557.1090 -1567.2156 -1573.5626 -1582.6953 -1588.2964 -1597.5636 -1602.6689 -1608.9340 -1610.6627 -1606.2948 -1603.4160
-1355.2483 -1362.4869 -1367.7874 -1372.5634 -1377.0324 -1376.6033 -1378.0690 -1376.8211 -1371.9199 -1372.5336 -1373.1408 -1372.4532 -1367.9304 -1352.7180 -1352.8569 -1355.1452 -1353.8883 -1348.9528 -1340.2627 -1337.9183 -1340.7577 -1342.3834 -1345.7210 -1351.4982 -1356.4458 -1362.1111 -1367.6984 -1372.9521 -1382.7044 -1389.2400 -1396.6101 -1403.3809 -1413.2220 -1418.3620 -1429.1875 -1436.6204 -1449.4561 -1455.1202 -1461.8825 -1465.6613 -1470.5114 -1476.5404 -1491.5529 -1508.1580 -1525.4085 -1536.4672 -1546.6323 -1553.9849 -1562.9389 -1569.6384 -1580.8388 -1585.5629 -1593.7497 -1596.9726 -1601.3713 -1602.2343 -1599.5500 -1596.2855
-1345.9189 -1347.5659 -1352.3030 -1353.1469 -1356.7280 -1358.0476 -1358.6072 -1357.5773 -1353.5516 -1349.4046 -1351.2294 -1354.4690 -1350.6359 -1337.7371 -1337.0937 -1336.1091 -1331.3334 -1332.0346 -1323.1143 -1319.7415 -1322.3888 -1324.4214 -1331.6046 -1337.5419 -1341.3090 -1343.0442 -1350.8956 -1356.5372 -1366.4472 -1369.3535 -1379.7542 -1385.9530 -1397.1314 -1403.8829 -1417.0667 -1426.1757 -1437.1080 -1441.2219 -1449.6838 -1453.1627 -1466.9511 -1479.5323 -1496.3374 -1504.6657 -1520.5937 -1527.5061 -1539.5126 -1546.3004 -1555.5212 -1562.9650 -1573.8268 -1577.6939 -1583.7208 -1586.9250 -1588.3386 -1589.2105 -1584.9112 -1577.6548
-1335.7573 -1337.7259 -1343.7204 -1347.0592 -1348.8938 -1346.6142 -1340.4289 -1340.5994 -1334.3912 -1334.8320 -1339.1943 -1341.1508 -1333.4949 -1323.1881 -1318.2187 -1322.4047 -1315.4040 -1311.7708 -1306.0961 -1307.8305 -1310.2394 -1312.6412 -1318.4240 -1324.3790 -1327.9501 -1331.5977 -1339.4453 -1343.0690 -1349.3070 -1354.4643 -1364.1790 -1369.8192 -1382.4623 -1390.7393 -1405.3930 -1416.7109 -1425.1698 -1430.7637 -1439.1436 -1446.5138 -1465.6795 -1483.5381 -1496.5888 -1503.3952 -1517.1315 -1522.1222 -1531.7553 -1540.6375 -1550.5596 -1556.9400 -1566.3182 -1570.8872 -1574.4072 -1577.1143 -1580.9052 -1579.7709 -1568.9268 -1567.8498
-1319.3591 -1323.2490 -1328.1262 -1328.9850 -1329.6636 -1328.6883 -1326.6822 -1323.1971 -1319.2778 -1317.2975 -1321.4253 -1322.4088 -1313.1347 -1304.9005 -1302.8563 -1301.1144 -1290.7457 -1291.6238 -1289.5095 -1289.4736 -1293.1769 -1297.7954 -1300.0943 -1306.3390 -1309.8090 -1314.5095 -1321.4801 -1322.4408 -1329.3331 -1337.0214 -1344.9980 -1357.4983 -1371.4248 -1380.7984 -1395.7460 -1401.2211 -1409.9981 -1417.8808 -1436.7384 -1448.8280 -1469.3777 -1478.9705 -1493.5956 -1500.9324 -1509.8454 -1514.7700 -1523.2232 -1529.7714 -1541.6617 -1546.5702 -1552.7076 -1554.0946 -1560.9838 -1562.4650 -1565.5524 -1563.8691 -1553.8658 -1552.8946
-1306.7315 -1310.7570 -1314.7938 -1315.8927 -1312.4943 -1315.3026 -1311.8140 -1308.1902 -1303.0937 -1302.9033 -1306.3440 -1305.5444 -1299.2045 -1292.0732 -1286.3776 -1284.2612 -1278.8139 -1279.7137 -1276.3771 -1278.3242 -1282.7920 -1284.6987 -1287.4207 -1291.1095 -1297.2099 -1300.3884 -1305.6371 -1309.4516 -1318.1531 -1323.5137 -1337.8618 -1348.9160 -1364.2341 -1372.8474 -1385.9989 -1392.4775 -1402.6346 -1414.2070 -1437.8110 -1448.8063 -1467.0075 -1474.0334 -1486.1976 -1494.3336 -1505.0035 -1506.6604 -1513.7944 -1522.7844 -1532.6231 -1534.5683 -1541.0370 -1543.2232 -1547.8198 -1552.2519 -1553.8482 -1550.9043 -1538.5789 -1536.5556
-1290.1743 -1293.8400 -1296.0532 -1296.2925 -1297.2076 -1296.7586 -1293.5514 -1290.6967 -1286.2878 -1286.2275 -1284.5920 -1286.7063 -1276.5085 -1270.9620 -1264.1625 -1263.2484 -1260.4104 -1260.1293 -1260.5634 -1263.6722 -1269.2757 -1268.6150 -1268.9484 -1270.3843 -1281.2887 -1282.9741 -1290.4110 -1293.0278 -1302.7533 -1312.8750 -1328.4349 -1339.0668 -1353.4635 -1360.7326 -1373.7326 -1384.6418 -1403.7270 -1420.7577 -1444.0174 -1448.5057 -1458.2516 -1468.1514 -1477.9813 -1485.0152 -1492.5579 -1495.9338 -1498.0243 -1506.2703 -1513.7304 -1519.3387 -1524.4896 -1529.1018 -1535.0735 -1536.6276 -1533.8235 -1532.6823 -1522.9358 -1523.8907
-1281.5963 -1284.8972 -1287.9084 -1286.9301 -1287.3529 -1286.5158 -1285.1064 -1281.9433 -1277.8699 -1275.3243 -1276.6331 -1277.1037 -1265.9439 -1260.0708 -1254.9188 -1253.3207 -1249.5323 -1251.4406 -1251.0518 -1256.3945 -1259.5448 -1261.9793 -1263.5137 -1264.3118 -1269.2501 -1276.4833 -1282.2763 -1285.9141 -1298.7889 -1308.5841 -1322.3584 -1333.4951 -1347.5665 -1353.3158 -1368.9804 -1385.3519 -1405.2397 -1420.9861 -1437.0014 -1441.6122 -1455.8966 -1463.6688 -1472.6402 -1479.8046 -1485.6805 -1486.6291 -1493.7056 -1498.9696 -1505.1906 -1508.3212 -1509.1696 -1517.8465 -1528.3799 -1526.8148 -1526.7672 -1523.2971 -1511.6185 -1515.8465
-1264.3591 -1267.4764 -1270.2109 -1267.3677 -1270.1691 -1269.7099 -1265.2850 -1262.1069 -1258.6854 -1258.0281 -1258.9887 -1257.3176 -1243.6183 -1240.5864 -1234.6922 -1233.2199 -1231.9698 -1234.1409 -1235.8891 -1238.3395 -1242.5699 -1244.2928 -1244.7027 -1251.4284 -1255.9800 -1259.8933 -1267.7156 -1271.1141 -1284.3991 -1299.0695 -1312.3614 -1323.2256 -1333.8627 -1344.3324 -1370.6359 -1390.9168 -1408.7576 -1415.8828 -1427.8883 -1434.7951 -1446.5110 -1453.4197 -1461.8964 -1467.7989 -1474.5805 -1475.6302 -1479.4496 -1483.2160 -1489.0008 -1492.2526 -1495.8977 -1498.6086 -1504.9532 -1511.8741 -1510.6853 -1503.8043 -1498.7385 -1502.4325
-1251.0093 -1254.6447 -1255.8924 -1256.9477 -1256.5856 -1254.7927 -1251.4384 -1247.9893 -1245.3239 -1245.6989 -1244.4834 -1245.4848 -1229.4857 -1224.8306 -1219.2936 -1217.8602 -1219.8987 -1221.0193 -1223.4933 -1225.2615 -1228.6491 -1230.4293 -1234.6478 -1240.6358 -1246.5239 -1252.6524 -1262.6725 -1270.5667 -1283.4752 -1292.8338 -1297.9582 -1310.5010 -1330.3555 -1348.1252 -1374.5384 -1388.9145 -1400.3779 -1409.6058 -1421.5308 -1427.9754 -1436.6086 -1443.9847 -1450.9697 -1455.8504 -1461.7562 -1464.7037 -1470.8084 -1474.0902 -1477.3311 -1478.3822 -1483.9491 -1482.9083 -1489.1108 -1493.6057 -1497.1120 -1491.3738 -1488.3018 -1491.8375
-1233.9977 -1237.7401 -1238.6934 -1237.6010 -1239.2905 -1237.2393 -1233.9439 -1230.2527 -1226.3768 -1228.0370 -1228.6822 -1228.4454 -1214.3074 -1203.8716 -1198.9099 -1199.0804 -1202.0164 -1203.7528 -1205.5805 -1207.1783 -1211.7150 -1212.8581 -1219.8880 -1227.0178 -1236.0912 -1246.3090 -1262.3507 -1267.7728 -1275.8456 -1281.1440 -1289.3201 -1304.6912 -1338.8877 -1350.0985 -1372.4866 -1375.9722 -1390.5163 -1399.9881 -1411.1095 -1415.6614 -1419.7706 -1428.3312 -1436.8005 -1440.5197 -1444.6893 -1447.9689 -1455.3327 -1459.0507 -1460.7404 -1465.9447 -1469.7772 -1473.5105 -1474.0782 -1475.8801 -1478.2742 -1471.8849 -1478.0117 -1484.2076
-1221.9663 -1223.4376 -1224.3948 -1224.8294 -1226.3854 -1222.4099 -1219.1561 -1215.8691 -1215.0234 -1215.2552 -1214.6893 -1213.2625 -1195.4412 -1189.3861 -1184.8418 -1186.8111 -1190.0420 -1190.4024 -1191.0429 -1191.8152 -1199.5281 -1203.0061 -1210.4300 -1215.4238 -1233.0285 -1241.3583 -1254.8213 -1260.0516 -1268.9447 -1277.2073 -1289.7659 -1309.2516 -1337.9302 -1348.6353 -1365.4691 -1371.8466 -1384.9703 -1392.2927 -1400.2754 -1401.6366 -1409.4835 -1416.4594 -1423.0713 -1427.7098 -1431.6810 -1435.1748 -1445.0182 -1446.4054 -1449.8795 -1454.7232 -1459.0465 -1460.5314 -1463.6269 -1467.1853 -1468.4007 -1463.6023 -1472.4655 -1478.8439
-1203.6589 -1205.8789 -1207.0369 -1208.3364 -1207.2582 -1205.6739 -1200.5187 -1198.6096 -1196.7521 -1193.8151 -1195.5812 -1195.8047 -1170.7304 -1164.1338 -1167.0209 -1170.1483 -1172.2730 -1171.5882 -1172.9737 -1177.3928 -1183.1977 -1186.9223 -1194.6861 -1207.4422 -1223.1052 -1236.5448 -1241.1326 -1247.8139 -1262.3179 -1280.9427 -1315.3742 -1327.7491 -1339.7353 -1343.0169 -1355.1020 -1361.7740 -1370.2557 -1376.0789 -1382.2748 -1385.3499 -1391.6665 -1402.2081 -1407.6996 -1410.2824 -1416.1712 -1420.4464 -1425.9012 -1427.5776 -1434.7824 -1438.1479 -1445.2647 -1448.4302 -1451.5936 -1453.5382 -1456.6142 -1453.9539 -1464.9666 -1470.8990
-1194.1316 -1196.6803 -1199.0963 -1199.4148 -1198.1283 -1197.4247 -1192.8704 -1189.6595 -1187.8173 -1187.7799 -1189.3360 -1182.3691 -1154.9885 -1157.0006 -1159.2249 -1162.0958 -1161.9663 -1160.8432 -1163.5147 -1166.4770 -1177.0962 -1179.0039 -1189.5020 -1203.1506 -1216.4788 -1230.6448 -1238.5684 -1243.4427 -1260.4102 -1287.0006 -1316.6572 -1327.3381 -1335.3795 -1338.4682 -1349.3681 -1357.7134 -1365.7286 -1368.6397 -1374.7831 -1377.1117 -1383.6271 -1393.8085 -1396.9030 -1403.2369 -1408.1498 -1412.1266 -1417.8840 -1419.9872 -1426.8865 -1433.6926 -1440.2158 -1444.4021 -1444.2657 -1448.8367 -1452.1994 -1448.4343 -1460.3066 -1463.1657
-1176.2970 -1176.8797 -1179.8890 -1181.6450 -1180.0932 -1177.4156 -1172.4919 -1170.8998 -1170.4434 -1169.6236 -1169.3548 -1153.1913 -1136.2200 -1137.4388 -1140.6132 -1139.1574 -1143.2821 -1143.4712 -1147.3106 -1154.4319 -1159.0716 -1167.2473 -1184.5292 -1197.4077 -1208.6704 -1215.2558 -1231.3663 -1238.5810 -1271.4793 -1294.3783 -1309.6331 -1317.3509 -1324.9707 -1332.8483 -1337.3996 -1345.8703 -1347.8897 -1352.3494 -1356.1800 -1359.8783 -1369.7073 -1375.0261 -1379.7964 -1386.7660 -1394.2652 -1395.3456 -1401.8717 -1406.6835 -1413.2242 -1418.5632 -1423.9870 -1426.3339 -1431.9651 -1436.3737 -1436.6420 -1441.5947 -1451.1572 -1455.4728
-1161.0208 -1165.1636 -1166.1426 -1167.9789 -1164.7922 -1161.8891 -1157.3923 -1157.2631 -1149.9838 -1155.1788 -1157.6301 -1139.9724 -1121.0140 -1123.7938 -1126.9489 -1128.3604 -1131.0286 -1131.6755 -1139.2625 -1143.7349 -1149.0078 -1161.5400 -1178.3309 -1187.8985 -1199.5900 -1207.7722 -1223.5671 -1243.4385 -1278.0442 -1293.5377 -1303.1954 -1309.6718 -1320.0870 -1326.3768 -1330.5886 -1334.9978 -1338.7145 -1338.7640 -1341.8432 -1345.2047 -1358.2259 -1361.7723 -1368.3706 -1373.8440 -1379.2440 -1379.9352 -1388.8381 -1393.5184 -1402.9481 -1407.8282 -1413.7366 -1416.8100 -1422.9074 -1423.2831 -1429.7996 -1434.9987 -1444.6715 -1446.2965
-1140.1261 -1143.0658 -1145.0969 -1145.2974 -1141.9593 -1139.2374 -1137.3212 -1137.1344 -1131.9114 -1130.7111 -1125.5287 -1118.6998 -1103.9440 -1106.4593 -1108.3541 -1112.2024 -1113.1258 -1119.6086 -1125.7642 -1128.8972 -1139.7680 -1150.1183 -1166.1574 -1175.4137 -1187.1150 -1197.7133 -1224.0175 -1249.3311 -1276.9013 -1284.9607 -1293.6124 -1300.0932 -1309.8679 -1311.2111 -1314.6703 -1316.5796 -1317.4225 -1319.4003 -1326.5208 -1328.7366 -1340.4798 -1346.3890 -1351.3454 -1355.9975 -1361.6674 -1364.1195 -1371.3241 -1378.5823 -1387.4986 -1390.9437 -1399.1728 -1403.8893 -1403.8227 -1405.4654 -1418.7003 -1426.1721 -1434.9179 -1435.4211
-1126.5695 -1129.9602 -1131.4584 -1129.9608 -1128.1641 -1125.2514 -1123.7075 -1123.2696 -1124.0554 -1124.9727 -1116.1723 -1107.5509 -1093.6082 -1092.5358 -1098.4954 -1099.9454 -1101.8323 -1106.9125 -1114.6390 -1120.2359 -1131.7406 -1140.2728 -1150.9893 -1165.8249 -1178.2158 -1193.4963 -1234.8514 -1253.3869 -1268.7137 -1277.6005 -1285.4867 -1293.5459 -1298.9948 -1300.0304 -1300.5955 -1300.5088 -1302.1600 -1305.2175 -1316.4255 -1320.2265 -1326.0421 -1331.8607 -1337.0698 -1343.1564 -1348.8279 -1351.6115 -1359.9540 -1368.2831 -1373.1236 -1381.7221 -1390.8929 -1390.7734 -1391.8544 -1401.1715 -1413.1868 -1418.2433 -1424.0482 -1426.3801
